1000 5064 5002 42
1001 5064 5002 35
1002 5064 5002 90
1003 5064 5002 80
1004 5064 5002 37
1005 5093 5002 64
1006 5093 5035 37
1007 5093 5035 29
1008 5093 5035 63
1009 5093 5035 35
1010 5093 5035 64
1011 5093 5035 99
1012 5093 5035 17
1013 5093 5035 39
1014 5093 5035 31
1015 5093 5036 56
1016 5093 5036 49
1017 5093 5036 93
1018 5093 5036 26
1019 5093 5036 34
1020 5093 5036 65
1021 5119 5036 43
1022 5119 5036 28
1023 5119 5036 15
1024 5119 5036 33
1025 5119 5060 28
1026 5119 5060 35
1027 5119 5060 12
1028 5119 5060 82
1029 5119 5060 12
1030 5119 5060 94
1031 5119 5060 28
1032 5119 5060 59
1033 5133 5060 78
1034 5133 5060 16
1035 5133 5060 56
1036 5133 5099 30
1037 5133 5099 42
1038 5133 5099 88
1039 5133 5099 27
1040 5133 5099 61
1041 5133 5099 25
1042 5133 5203 38
1043 5133 5203 37
1044 5135 5203 71
1045 5179 5203 55
1046 5179 5203 59
1047 5179 5203 36
1048 5179 5203 90
1049 5179 5203 77
1050 5179 5203 73
1051 5179 5203 97
1052 5179 5203 91
1053 5179 5203 21
1054 5179 5204 63
1055 5179 5204 98
1056 5179 5204 68
1057 5179 5204 79
1058 5179 5204 68
1059 5205 5204 64
1060 5205 5204 69
1061 5205 5204 91
1062 5205 5222 30
1063 5205 5222 58
1064 5205 5222 44
1065 5205 5222 40
1066 5218 5222 92
1067 5218 5244 85
1068 5218 5244 61
1069 5218 5244 51
1070 5218 5244 86
1071 5218 5244 79
1072 5218 5255 10
1073 5218 5255 25
1074 5218 5299 12
1075 5218 5299 21
1076 5218 5299 80
1077 5283 5299 22
1078 5283 5299 39
1079 5283 5299 52
1080 5283 5299 37
1081 5283 5299 46
1082 5283 5299 44
1083 5375 5299 80
1084 5375 5299 44
1085 5375 5299 11
1086 5403 5299 95
1087 5403 5299 55
1088 5403 5326 85
1089 5403 5326 45
1090 5403 5326 35
1091 5403 5326 42
1092 5403 5326 57
1093 5403 5326 10
1094 5403 5326 13
1095 5403 5326 30
1096 5405 5326 89
1097 5405 5326 56
1098 5405 5326 23
1099 5405 5326 28
1100 5405 5326 23
1101 5405 5326 76
1102 5410 5329 17
1103 5410 5329 76
1104 5410 5329 30
1105 5410 5329 84
1106 5410 5329 12
1107 5410 5329 71
1108 5410 5329 56
1109 5415 5329 73
1110 5415 5329 68
1111 5415 5329 85
1112 5415 5329 24
1113 5415 5329 58
1114 5415 5329 51
1115 5415 5381 17
1116 5418 5381 52
1117 5418 5381 51
1118 5418 5381 18
1119 5418 5381 83
1120 5418 5381 28
1121 5418 5381 29
1122 5418 5381 49
1123 5418 5381 15
1124 5418 5381 37
1125 5434 5381 52
1126 5434 5405 52
1127 5434 5405 39
1128 5434 5416 45
1129 5434 5416 82
1130 5434 5416 24
1131 5434 5416 82
1132 5434 5416 75
1133 5459 5416 55
1134 5493 5416 57
1135 5493 5416 14
1136 5493 5416 65
1137 5541 5416 44
1138 5541 5416 11
1139 5541 5416 27
1140 5541 5416 28
1141 5541 5416 29
1142 5541 5437 57
1143 5541 5437 29
1144 5541 5437 17
1145 5541 5437 32
1146 5541 5459 38
1147 5555 5459 62
1148 5555 5459 50
1149 5555 5459 43
1150 5555 5459 84
1151 5555 5459 28
1152 5555 5459 38
1153 5555 5459 29
1154 5555 5459 43
1155 5555 5459 93
1156 5555 5459 29
1157 5567 5459 37
1158 5567 5459 56
1159 5567 5459 23
1160 5567 5555 29
1161 5567 5555 40
1162 5567 5555 66
1163 5567 5572 48
1164 5567 5572 10
1165 5567 5572 78
1166 5567 5572 81
1167 5567 5586 59
1168 5567 5586 29
1169 5567 5618 11
1170 5598 5618 64
1171 5598 5618 11
1172 5598 5618 66
1173 5598 5618 93
1174 5598 5618 80
1175 5598 5622 83
1176 5598 5622 38
1177 5598 5622 71
1178 5598 5622 85
1179 5598 5622 69
1180 5615 5622 53
1181 5615 5622 49
1182 5615 5622 57
1183 5615 5622 55
1184 5615 5622 19
1185 5615 5622 97
1186 5615 5697 73
1187 5615 5697 37
1188 5615 5697 86
1189 5636 5697 69
1190 5636 5697 25
1191 5636 5731 47
1192 5636 5732 59
1193 5636 5732 64
1194 5636 5732 28
1195 5636 5732 51
1196 5636 5753 28
1197 5636 5753 77
1198 5689 5753 57
1199 5693 5753 36
1200 5693 5753 35
1201 5693 5753 43
1202 5693 5753 24
1203 5701 5753 99
1204 5701 5753 55
1205 5701 5753 33
1206 5701 5753 17
1207 5701 5769 35
1208 5701 5769 79
1209 5701 5769 20
1210 5701 5769 85
1211 5701 5769 15
1212 5701 5769 46
1213 5701 5769 92
1214 5701 5769 79
1215 5703 5769 50
1216 5703 5769 49
1217 5703 5769 13
1218 5706 5790 57
1219 5706 5790 76
1220 5724 5790 81
1221 5724 5790 71
1222 5735 5800 18
1223 5735 5800 47
1224 5735 5800 41
1225 5761 5800 99
1226 5761 5800 42
1227 5761 5800 45
1228 5761 5800 80
1229 5764 5800 24
1230 5764 5800 83
1231 5764 5800 97
1232 5764 5800 41
1233 5764 5800 87
1234 5764 5899 81
1235 5764 5899 48
1236 5764 5899 83
1237 5764 5899 83
1238 5764 5899 88
1239 5764 5899 16
1240 5774 5899 28
1241 5774 5899 10
1242 5774 5899 21
1243 5774 5899 51
1244 5774 5900 14
1245 5863 5900 53
1246 5863 5900 35
1247 5863 5927 45
1248 5863 5927 33
1249 5867 5927 50
1250 5867 5927 79
1251 5867 5927 20
1252 5867 5927 29
1253 5867 5927 64
1254 5867 5927 45
1255 5867 6032 69
1256 5867 6032 45
1257 5867 6032 46
1258 5867 6032 30
1259 5867 6032 61
1260 5886 6050 84
1261 5886 6050 69
1262 5886 6092 40
1263 5886 6092 24
1264 5896 6092 23
1265 5896 6092 46
1266 5896 6092 75
1267 5896 6092 46
1268 5896 6099 41
1269 5896 6099 56
1270 5896 6099 62
1271 5897 6099 59
1272 5897 6099 97
1273 5897 6099 40
1274 5918 6099 70
1275 5918 6099 44
1276 5918 6099 36
1277 5918 6099 60
1278 5918 6099 90
1279 5918 6099 13
1280 5918 6099 11
1281 5918 6099 70
1282 5918 6123 32
1283 5918 6123 28
1284 5918 6123 97
1285 5918 6123 39
1286 5935 6123 91
1287 5935 6123 64
1288 5960 6123 35
1289 5960 6123 66
1290 5960 6123 76
1291 5992 6123 43
1292 5992 6123 61
1293 5992 6123 23
1294 5992 6123 76
1295 5992 6176 57
1296 5992 6176 19
1297 5992 6176 88
1298 5992 6176 73
1299 5992 6176 78
1300 5992 6176 99
1301 6011 6176 87
1302 6011 6176 64
1303 6011 6176 51
1304 6011 6176 79
1305 6011 6176 22
1306 6011 6176 40
1307 6011 6178 93
1308 6034 6178 70
1309 6034 6178 63
1310 6034 6178 86
1311 6034 6178 47
1312 6034 6178 73
1313 6034 6178 73
1314 6034 6178 15
1315 6034 6178 29
1316 6034 6281 84
1317 6034 6281 30
1318 6034 6281 56
1319 6034 6281 95
1320 6034 6281 77
1321 6034 6281 89
1322 6038 6281 71
1323 6038 6281 63
1324 6038 6281 62
1325 6038 6283 37
1326 6038 6283 58
1327 6038 6306 90
1328 6038 6306 71
1329 6038 6306 87
1330 6038 6306 87
1331 6038 6306 35
1332 6038 6306 46
1333 6038 6306 47
1334 6038 6306 67
1335 6038 6306 22
1336 6038 6330 21
1337 6043 6330 29
1338 6043 6330 87
1339 6043 6330 85
1340 6043 6330 78
1341 6043 6330 95
1342 6043 6330 19
1343 6043 6330 99
1344 6077 6330 31
1345 6077 6330 77
1346 6077 6352 59
1347 6077 6352 77
1348 6077 6352 12
1349 6077 6366 61
1350 6077 6366 15
1351 6077 6366 90
1352 6113 6366 76
1353 6113 6366 16
1354 6113 6366 13
1355 6113 6366 49
1356 6113 6366 15
1357 6113 6366 79
1358 6113 6366 41
1359 6113 6366 35
1360 6113 6366 35
1361 6113 6413 43
1362 6113 6413 60
1363 6130 6438 71
1364 6130 6438 37
1365 6130 6438 28
1366 6130 6438 77
1367 6130 6481 96
1368 6130 6481 83
1369 6130 6481 97
1370 6130 6524 34
1371 6130 6531 54
1372 6130 6531 10
1373 6130 6531 68
1374 6136 6531 99
1375 6162 6531 96
1376 6162 6531 52
1377 6162 6531 89
1378 6162 6544 72
1379 6162 6544 87
1380 6169 6544 17
1381 6169 6564 15
1382 6169 6564 36
1383 6169 6564 94
1384 6169 6564 90
1385 6169 6564 29
1386 6169 6564 34
1387 6169 6565 57
1388 6179 6565 80
1389 6179 6565 79
1390 6179 6565 78
1391 6179 6565 79
1392 6179 6565 99
1393 6179 6573 73
1394 6211 6573 86
1395 6211 6573 72
1396 6211 6573 22
1397 6211 6573 59
1398 6211 6573 83
1399 6211 6573 70
1400 6211 6573 95
1401 6211 6573 66
1402 6211 6573 62
1403 6211 6573 27
1404 6211 6573 50
1405 6223 6573 85
1406 6223 6575 91
1407 6223 6575 63
1408 6223 6589 41
1409 6223 6589 42
1410 6223 6589 19
1411 6223 6589 53
1412 6223 6589 89
1413 6223 6589 95
1414 6223 6600 42
1415 6223 6600 85
1416 6223 6600 86
1417 6223 6600 60
1418 6223 6600 96
1419 6279 6600 63
1420 6279 6600 30
1421 6279 6600 39
1422 6279 6600 34
1423 6279 6600 45
1424 6279 6600 91
1425 6279 6600 29
1426 6279 6600 70
1427 6346 6600 11
1428 6346 6600 53
1429 6375 6600 71
1430 6375 6600 74
1431 6375 6600 95
1432 6432 6600 22
1433 6478 6600 39
1434 6478 6600 98
1435 6478 6600 32
1436 6478 6600 86
1437 6502 6600 10
1438 6502 6600 32
1439 6502 6600 98
1440 6502 6600 93
1441 6502 6600 95
1442 6502 6661 34
1443 6502 6661 82
1444 6549 6661 11
1445 6549 6661 47
1446 6549 6661 40
1447 6566 6739 91
1448 6573 6739 88
1449 6573 6739 91
1450 6573 6739 27
1451 6573 6739 25
1452 6600 6739 39
1453 6600 6739 83
1454 6600 6816 16
1455 6600 6816 81
1456 6625 6831 39
1457 6625 6831 43
1458 6625 6837 83
1459 6625 6837 41
1460 6625 6837 75
1461 6625 6837 85
1462 6625 6837 85
1463 6625 6837 77
1464 6625 6837 24
1465 6625 6837 83
1466 6625 6837 26
1467 6625 6837 57
1468 6625 6837 69
1469 6625 6837 90
1470 6628 6837 56
1471 6628 6850 64
1472 6628 6850 49
1473 6628 6850 87
1474 6628 6850 69
1475 6628 6850 34
1476 6628 6881 48
1477 6628 6881 45
1478 6628 6881 40
1479 6699 6881 52
1480 6699 6881 34
1481 6699 6881 62
1482 6699 6881 55
1483 6699 6881 10
1484 6738 6881 39
1485 6738 6881 30
1486 6738 6881 88
1487 6738 6881 94
1488 6738 6881 48
1489 6738 6912 67
1490 6738 6912 70
1491 6738 6912 37
1492 6738 6912 54
1493 6738 6912 23
1494 6738 6912 46
1495 6738 6912 91
1496 6738 6912 84
1497 6786 6912 91
1498 6786 6912 45
1499 6786 6988 77
1500 6786 6988 53
1501 6786 6988 38
1502 6786 6988 66
1503 6786 6988 48
1504 6786 6988 26
1505 6786 6988 71
1506 6786 6988 90
1507 6786 7001 43
1508 6816 7001 31
1509 6816 7001 73
1510 6816 7001 69
1511 6822 7001 90
1512 6822 7001 30
1513 6822 7002 72
1514 6822 7002 56
1515 6822 7002 52
1516 6822 7002 42
1517 6822 7002 76
1518 6822 7002 51
1519 6822 7002 64
1520 6839 7002 91
1521 6839 7002 74
1522 6839 7002 60
1523 6839 7002 40
1524 6839 7002 44
1525 6839 7024 95
1526 6839 7024 15
1527 6839 7024 65
1528 6853 7024 42
1529 6853 7024 54
1530 6867 7024 44
1531 6867 7024 26
1532 6867 7024 34
1533 6867 7024 60
1534 6867 7024 34
1535 6867 7024 80
1536 6867 7024 61
1537 6867 7028 98
1538 6867 7028 79
1539 6867 7028 12
1540 6867 7048 12
1541 6889 7048 74
1542 6889 7048 53
1543 6889 7048 55
1544 6889 7048 43
1545 6889 7048 98
1546 6889 7069 12
1547 6889 7069 64
1548 6889 7069 18
1549 6889 7069 97
1550 6889 7069 50
1551 6903 7069 93
1552 6922 7069 18
1553 6922 7069 53
1554 6922 7069 13
1555 6922 7069 68
1556 6922 7069 46
1557 6922 7106 98
1558 6922 7106 34
1559 6922 7106 21
1560 6922 7106 85
1561 6922 7106 54
1562 6989 7106 26
1563 6989 7106 25
1564 6989 7106 23
1565 6989 7106 69
1566 6989 7116 67
1567 6989 7116 82
1568 7018 7116 88
1569 7018 7116 88
1570 7018 7116 55
1571 7018 7116 89
1572 7063 7116 20
1573 7063 7116 19
1574 7108 7116 64
1575 7108 7116 26
1576 7115 7116 81
1577 7115 7148 90
1578 7115 7148 96
1579 7115 7148 32
1580 7115 7148 16
1581 7115 7148 61
1582 7116 7148 66
1583 7116 7148 72
1584 7116 7180 97
1585 7116 7196 43
1586 7116 7196 69
1587 7116 7196 14
1588 7116 7196 81
1589 7116 7196 97
1590 7116 7196 17
1591 7116 7196 29
1592 7116 7202 37
1593 7118 7202 23
1594 7118 7202 87
1595 7182 7202 99
1596 7182 7218 87
1597 7182 7218 40
1598 7182 7218 21
1599 7182 7218 66
1600 7182 7218 26
1601 7222 7218 29
1602 7222 7218 70
1603 7222 7218 23
1604 7222 7218 45
1605 7235 7218 44
1606 7235 7218 78
1607 7235 7218 91
1608 7235 7230 78
1609 7235 7230 44
1610 7235 7263 64
1611 7281 7263 83
1612 7281 7263 27
1613 7281 7266 51
1614 7281 7266 64
1615 7281 7266 73
1616 7281 7266 71
1617 7281 7266 58
1618 7281 7266 80
1619 7281 7266 81
1620 7281 7266 53
1621 7281 7266 99
1622 7281 7266 62
1623 7281 7312 96
1624 7381 7312 85
1625 7381 7312 46
1626 7381 7312 96
1627 7381 7312 66
1628 7381 7312 87
1629 7381 7312 85
1630 7381 7324 49
1631 7381 7324 19
1632 7431 7324 17
1633 7431 7324 85
1634 7436 7324 48
1635 7436 7324 36
1636 7436 7324 28
1637 7436 7324 45
1638 7436 7324 95
1639 7436 7324 89
1640 7436 7324 90
1641 7436 7324 87
1642 7436 7324 84
1643 7436 7324 18
1644 7436 7345 82
1645 7436 7345 50
1646 7436 7345 11
1647 7436 7345 87
1648 7437 7345 12
1649 7450 7345 34
1650 7450 7345 84
1651 7450 7345 46
1652 7452 7345 93
1653 7452 7345 43
1654 7452 7345 78
1655 7452 7345 39
1656 7452 7345 40
1657 7452 7345 64
1658 7452 7353 10
1659 7452 7353 79
1660 7452 7353 20
1661 7452 7353 32
1662 7487 7353 63
1663 7487 7353 44
1664 7487 7353 63
1665 7487 7353 44
1666 7487 7353 51
1667 7487 7353 42
1668 7509 7353 67
1669 7509 7353 56
1670 7509 7386 42
1671 7509 7386 70
1672 7509 7386 17
1673 7509 7386 85
1674 7509 7386 60
1675 7509 7397 71
1676 7521 7397 97
1677 7521 7397 53
1678 7521 7397 96
1679 7529 7397 47
1680 7529 7397 41
1681 7529 7397 36
1682 7529 7397 55
1683 7529 7397 48
1684 7529 7397 65
1685 7529 7397 42
1686 7529 7397 16
1687 7529 7415 11
1688 7539 7415 33
1689 7539 7415 27
1690 7539 7434 68
1691 7539 7434 82
1692 7539 7434 47
1693 7539 7434 96
1694 7539 7434 44
1695 7539 7434 90
1696 7539 7438 68
1697 7539 7438 22
1698 7614 7438 24
1699 7614 7438 17
1700 7614 7443 96
1701 7614 7443 14
1702 7614 7443 37
1703 7614 7443 88
1704 7614 7443 76
1705 7614 7443 80
1706 7614 7443 28
1707 7614 7443 59
1708 7614 7443 45
1709 7614 7443 32
1710 7614 7443 21
1711 7614 7443 86
1712 7615 7443 49
1713 7623 7446 44
1714 7623 7446 61
1715 7623 7446 34
1716 7623 7486 97
1717 7623 7528 25
1718 7623 7528 45
1719 7623 7528 18
1720 7623 7528 15
1721 7623 7528 86
1722 7623 7528 92
1723 7623 7528 14
1724 7623 7528 56
1725 7646 7528 53
1726 7646 7528 78
1727 7646 7528 35
1728 7646 7528 97
1729 7646 7528 55
1730 7646 7528 60
1731 7689 7549 70
1732 7689 7549 56
1733 7689 7549 18
1734 7689 7549 74
1735 7689 7556 87
1736 7689 7556 98
1737 7689 7556 68
1738 7689 7556 41
1739 7689 7556 19
1740 7689 7556 47
1741 7689 7586 53
1742 7689 7599 12
1743 7750 7599 90
1744 7750 7599 87
1745 7750 7600 79
1746 7750 7600 61
1747 7756 7600 83
1748 7756 7600 89
1749 7763 7600 11
1750 7824 7600 72
1751 7824 7600 88
1752 7824 7600 66
1753 7824 7600 60
1754 7824 7600 19
1755 7824 7600 86
1756 7826 7600 71
1757 7826 7609 40
1758 7826 7609 70
1759 7865 7609 74
1760 7865 7609 60
1761 7865 7609 56
1762 7865 7609 51
1763 7865 7620 45
1764 7865 7620 67
1765 7865 7620 71
1766 7865 7629 74
1767 7865 7629 97
1768 7865 7719 10
1769 7865 7719 67
1770 7874 7741 48
1771 7874 7741 56
1772 7874 7741 77
1773 7874 7741 57
1774 7874 7741 10
1775 7874 7772 38
1776 7874 7772 30
1777 7874 7772 87
1778 7874 7772 11
1779 7874 7772 30
1780 7874 7772 65
1781 7874 7772 42
1782 7874 7772 20
1783 7911 7772 72
1784 7911 7772 39
1785 7911 7772 21
1786 7911 7772 73
1787 7911 7772 16
1788 7911 7789 27
1789 7911 7789 49
1790 7911 7789 75
1791 7911 7789 17
1792 7911 7789 43
1793 7911 7789 89
1794 7911 7789 41
1795 7911 7796 73
1796 7911 7849 16
1797 7922 7849 52
1798 7922 7849 75
1799 7977 7849 87
1800 7977 7849 46
1801 7977 7849 61
1802 7977 7851 67
1803 8024 7851 48
1804 8024 7851 38
1805 8024 7851 69
1806 8024 7851 41
1807 8024 7851 72
1808 8024 7851 97
1809 8024 7851 79
1810 8024 7851 66
1811 8024 7851 60
1812 8024 7851 50
1813 8069 7851 26
1814 8069 7854 74
1815 8069 7854 86
1816 8069 7854 23
1817 8069 7854 63
1818 8069 7854 15
1819 8069 7854 46
1820 8082 7854 20
1821 8082 7854 54
1822 8082 7854 46
1823 8082 7854 72
1824 8082 7854 79
1825 8082 7854 26
1826 8082 7855 61
1827 8082 7855 46
1828 8082 7855 53
1829 8082 7855 63
1830 8089 7855 63
1831 8089 7855 35
1832 8089 7855 79
1833 8089 7855 56
1834 8089 7855 82
1835 8089 7855 95
1836 8089 7855 74
1837 8089 7922 68
1838 8089 7922 17
1839 8089 7922 12
1840 8089 7922 14
1841 8092 7922 29
1842 8092 7922 10
1843 8092 7922 51
1844 8092 7922 59
1845 8092 7922 60
1846 8092 7922 68
1847 8092 7922 44
1848 8092 7922 45
1849 8092 7922 29
1850 8092 7922 99
1851 8092 7922 11
1852 8092 7922 20
1853 8164 7922 89
1854 8164 7922 20
1855 8164 7922 79
1856 8164 7922 20
1857 8178 7922 54
1858 8178 7922 22
1859 8178 7922 24
1860 8178 7922 44
1861 8178 7922 21
1862 8178 7922 38
1863 8178 7922 96
1864 8178 7922 19
1865 8178 7922 21
1866 8178 7937 63
1867 8178 7937 26
1868 8178 7937 84
1869 8178 7937 22
1870 8195 7937 98
1871 8195 7937 44
1872 8195 7937 19
1873 8195 7937 27
1874 8195 7937 40
1875 8195 7937 76
1876 8195 7940 72
1877 8195 7940 24
1878 8195 7940 13
1879 8195 7940 21
1880 8206 7955 56
1881 8206 7955 27
1882 8206 7955 29
1883 8206 7955 15
1884 8206 7955 58
1885 8206 7955 59
1886 8206 7955 76
1887 8206 7955 48
1888 8206 7955 20
1889 8206 7969 32
1890 8206 7969 88
1891 8206 7969 14
1892 8206 7969 26
1893 8206 7969 72
1894 8231 7969 80
1895 8231 7969 94
1896 8231 7969 66
1897 8231 7969 16
1898 8245 7969 58
1899 8245 7969 81
1900 8245 7969 21
1901 8245 7969 25
1902 8245 7969 26
1903 8245 7969 35
1904 8271 7969 61
1905 8271 7969 94
1906 8271 7969 57
1907 8271 7969 10
1908 8271 7996 25
1909 8271 7996 12
1910 8271 7996 29
1911 8271 7996 64
1912 8271 7996 48
1913 8271 7996 13
1914 8271 7996 71
1915 8308 7996 54
1916 8308 7996 53
1917 8308 7996 48
1918 8308 7996 99
1919 8308 7996 60
1920 8308 7996 43
1921 8308 7996 58
1922 8308 7996 35
1923 8329 7996 63
1924 8329 7996 70
1925 8329 7996 69
1926 8329 7996 20
1927 8329 7996 17
1928 8329 7996 43
1929 8334 7996 36
1930 8334 7998 55
1931 8336 7998 31
1932 8336 7998 17
1933 8336 7998 61
1934 8336 7998 17
1935 8336 7998 24
1936 8336 7998 35
1937 8336 7998 81
1938 8336 7998 45
1939 8336 7998 28
1940 8336 7998 60
1941 8347 7998 46
1942 8347 8039 76
1943 8347 8039 18
1944 8347 8039 10
1945 8347 8039 77
1946 8347 8039 72
1947 8347 8039 88
1948 8347 8039 27
1949 8347 8039 81
1950 8347 8039 44
1951 8347 8039 18
1952 8347 8039 63
1953 8347 8046 54
1954 8347 8046 64
1955 8347 8046 80
1956 8347 8046 60
1957 8372 8074 59
1958 8372 8074 99
1959 8372 8074 95
1960 8380 8089 19
1961 8380 8089 39
1962 8380 8089 97
1963 8380 8089 18
1964 8380 8089 27
1965 8380 8089 57
1966 8380 8089 81
1967 8380 8089 64
1968 8415 8089 97
1969 8415 8089 33
1970 8415 8162 34
1971 8415 8162 26
1972 8415 8162 68
1973 8415 8162 77
1974 8415 8162 74
1975 8415 8162 62
1976 8452 8162 22
1977 8452 8162 53
1978 8452 8162 10
1979 8452 8162 34
1980 8452 8162 45
1981 8452 8162 31
1982 8452 8162 92
1983 8452 8171 28
1984 8468 8171 15
1985 8468 8171 39
1986 8468 8171 70
1987 8468 8171 51
1988 8468 8171 59
1989 8468 8171 98
1990 8468 8171 59
1991 8483 8171 86
1992 8483 8178 19
1993 8483 8178 45
1994 8490 8178 67
1995 8490 8178 97
1996 8490 8178 31
1997 8490 8178 90
1998 8490 8178 88
1999 8490 8178 66
2000 8490 8178 35
2001 8490 8178 13
2002 8490 8179 74
2003 8490 8179 24
2004 8490 8179 30
2005 8490 8179 83
2006 8490 8179 93
2007 8490 8179 94
2008 8490 8179 82
2009 8490 8179 22
2010 8490 8179 67
2011 8490 8179 37
2012 8490 8179 98
2013 8490 8179 57
2014 8490 8179 41
2015 8490 8218 88
2016 8496 8218 82
2017 8496 8218 37
2018 8496 8218 95
2019 8496 8218 84
2020 8496 8218 50
2021 8539 8218 84
2022 8539 8218 44
2023 8539 8218 42
2024 8539 8218 32
2025 8539 8218 69
2026 8539 8218 11
2027 8539 8218 54
2028 8539 8218 15
2029 8539 8240 89
2030 8559 8240 68
2031 8559 8240 72
2032 8559 8240 75
2033 8559 8240 27
2034 8559 8240 57
2035 8559 8240 35
2036 8559 8240 19
2037 8559 8288 93
2038 8559 8288 29
2039 8559 8288 94
2040 8559 8288 81
2041 8582 8288 48
2042 8582 8310 76
2043 8582 8310 33
2044 8636 8310 72
2045 8636 8310 12
2046 8636 8310 38
2047 8636 8310 49
2048 8636 8310 92
2049 8636 8310 45
2050 8636 8342 43
2051 8636 8342 40
2052 8636 8342 70
2053 8648 8342 90
2054 8675 8342 11
2055 8675 8342 87
2056 8675 8342 10
2057 8675 8342 25
2058 8675 8342 32
2059 8675 8342 92
2060 8675 8342 67
2061 8679 8342 39
2062 8679 8342 79
2063 8679 8357 87
2064 8679 8357 14
2065 8679 8357 36
2066 8679 8357 96
2067 8679 8359 10
2068 8692 8359 92
2069 8696 8359 38
2070 8696 8359 79
2071 8696 8359 54
2072 8696 8359 58
2073 8696 8359 87
2074 8696 8359 20
2075 8730 8359 35
2076 8730 8359 12
2077 8730 8359 23
2078 8730 8359 90
2079 8730 8383 54
2080 8730 8383 73
2081 8730 8383 92
2082 8730 8383 41
2083 8730 8383 58
2084 8732 8383 95
2085 8732 8383 88
2086 8732 8383 54
2087 8732 8383 71
2088 8732 8428 62
2089 8732 8428 13
2090 8732 8428 90
2091 8732 8428 85
2092 8732 8428 69
2093 8732 8428 40
2094 8748 8428 50
2095 8748 8428 63
2096 8748 8428 70
2097 8748 8428 82
2098 8748 8428 34
2099 8748 8428 63
2100 8748 8428 23
2101 8748 8439 68
2102 8748 8439 63
2103 8748 8439 76
2104 8748 8444 45
2105 8748 8444 21
2106 8748 8444 81
2107 8748 8490 77
2108 8779 8490 29
2109 8779 8490 29
2110 8779 8490 16
2111 8779 8490 76
2112 8779 8526 88
2113 8779 8563 82
2114 8779 8563 61
2115 8779 8563 53
2116 8799 8563 48
2117 8799 8563 78
2118 8799 8563 50
2119 8799 8563 28
2120 8799 8563 23
2121 8799 8563 29
2122 8799 8563 98
2123 8799 8563 55
2124 8799 8566 39
2125 8799 8566 68
2126 8799 8566 83
2127 8799 8566 76
2128 8799 8566 45
2129 8827 8566 32
2130 8843 8566 35
2131 8843 8566 48
2132 8843 8566 14
2133 8847 8566 66
2134 8847 8566 86
2135 8847 8566 39
2136 8847 8573 25
2137 8847 8573 57
2138 8847 8573 36
2139 8847 8573 62
2140 8847 8573 49
2141 8872 8628 52
2142 8872 8628 75
2143 8872 8628 27
2144 8872 8628 63
2145 8872 8628 90
2146 8872 8628 11
2147 8872 8628 11
2148 8872 8628 84
2149 8872 8628 61
2150 8872 8628 39
2151 8880 8628 59
2152 8880 8628 25
2153 8931 8628 62
2154 8931 8628 13
2155 8931 8628 25
2156 8931 8628 81
2157 8931 8628 34
2158 8931 8628 97
2159 8934 8628 22
2160 8934 8628 36
2161 8934 8628 81
2162 8934 8628 58
2163 8934 8628 55
2164 8934 8628 65
2165 8934 8628 81
2166 8934 8628 55
2167 8934 8628 67
2168 8934 8650 19
2169 8934 8650 76
2170 8951 8650 94
2171 8951 8650 90
2172 8953 8683 18
2173 8953 8683 48
2174 8976 8683 43
2175 8976 8683 42
2176 8980 8683 67
2177 8980 8683 83
2178 8980 8683 75
2179 8980 8683 62
2180 8980 8683 20
2181 8980 8683 58
2182 8980 8683 12
2183 8980 8693 34
2184 8980 8708 74
2185 8980 8708 65
2186 8980 8708 45
2187 8980 8708 23
2188 8980 8708 73
2189 8980 8708 80
2190 8987 8708 37
2191 8987 8708 51
2192 8987 8776 88
2193 8987 8776 60
2194 8987 8792 35
2195 8987 8792 70
2196 8987 8792 64
2197 9000 8792 40
2198 9000 8792 73
2199 9000 8792 18
2200 9000 8792 10
2201 9000 8792 60
2202 9000 8792 82
2203 9000 8792 48
2204 9000 8792 39
2205 9000 8792 41
2206 9000 8792 57
2207 9000 8792 80
2208 9000 8794 38
2209 9000 8794 89
2210 9014 8794 80
2211 9014 8794 11
2212 9014 8794 28
2213 9014 8794 57
2214 9014 8794 77
2215 9014 8794 64
2216 9014 8794 14
2217 9020 8794 36
2218 9020 8794 44
2219 9020 8794 85
2220 9020 8795 53
2221 9028 8802 12
2222 9028 8802 38
2223 9028 8802 67
2224 9028 8802 36
2225 9028 8802 34
2226 9052 8802 15
2227 9052 8802 13
2228 9052 8802 60
2229 9052 8802 31
2230 9052 8802 60
2231 9063 8802 47
2232 9063 8802 96
2233 9063 8802 23
2234 9063 8802 84
2235 9063 8827 51
2236 9063 8868 54
2237 9063 8868 26
2238 9063 8868 83
2239 9063 8868 58
2240 9063 8904 62
2241 9063 8904 70
2242 9080 8904 12
2243 9080 8904 78
2244 9085 8904 26
2245 9085 8904 11
2246 9085 8904 30
2247 9085 8926 77
2248 9085 8935 12
2249 9085 8935 79
2250 9085 8935 87
2251 9085 8935 55
2252 9085 8935 61
2253 9085 8935 52
2254 9085 8935 77
2255 9085 8935 49
2256 9085 8935 99
2257 9089 8935 78
2258 9089 8942 33
2259 9089 8942 26
2260 9089 8942 81
2261 9089 8942 31
2262 9089 8942 68
2263 9089 8942 20
2264 9089 8942 17
2265 9089 8942 19
2266 9089 8942 46
2267 9089 8942 43
2268 9089 8954 18
2269 9089 8954 53
2270 9089 8954 69
2271 9136 8954 16
2272 9136 8954 82
2273 9136 8954 57
2274 9136 8954 18
2275 9136 8980 18
2276 9136 8980 54
2277 9136 8980 38
2278 9136 8980 23
2279 9136 8980 70
2280 9136 8980 88
2281 9136 8980 15
2282 9136 8980 75
2283 9137 8980 96
2284 9137 8980 59
2285 9137 8999 84
2286 9137 9049 46
2287 9137 9049 84
2288 9137 9049 39
2289 9137 9049 77
2290 9143 9049 20
2291 9143 9049 57
2292 9143 9049 56
2293 9143 9049 37
2294 9182 9049 83
2295 9182 9049 71
2296 9182 9057 88
2297 9182 9057 16
2298 9182 9057 34
2299 9182 9057 81
2300 9182 9057 52
2301 9182 9057 89
2302 9182 9057 78
2303 9182 9068 12
2304 9182 9068 85
2305 9191 9068 77
2306 9191 9071 15
2307 9191 9071 86
2308 9191 9071 80
2309 9191 9071 35
2310 9191 9071 12
2311 9196 9071 95
2312 9196 9071 78
2313 9196 9071 64
2314 9196 9083 64
2315 9196 9083 14
2316 9215 9083 32
2317 9215 9083 46
2318 9215 9083 10
2319 9215 9083 36
2320 9215 9210 63
2321 9215 9210 50
2322 9215 9210 75
2323 9227 9210 48
2324 9227 9247 85
2325 9227 9247 84
2326 9227 9247 86
2327 9227 9247 32
2328 9227 9286 71
2329 9227 9286 32
2330 9227 9286 85
2331 9227 9286 43
2332 9227 9286 99
2333 9227 9314 56
2334 9227 9314 20
2335 9263 9314 49
2336 9263 9314 74
2337 9263 9314 77
2338 9263 9314 45
2339 9263 9314 11
2340 9263 9314 62
2341 9263 9315 30
2342 9263 9315 31
2343 9263 9315 24
2344 9263 9315 78
2345 9263 9365 91
2346 9263 9365 58
2347 9284 9365 15
2348 9284 9377 54
2349 9284 9377 86
2350 9284 9377 87
2351 9284 9377 14
2352 9284 9377 18
2353 9284 9377 55
2354 9284 9377 64
2355 9284 9385 59
2356 9284 9385 96
2357 9284 9385 43
2358 9284 9388 44
2359 9284 9388 83
2360 9284 9388 75
2361 9284 9388 40
2362 9284 9388 79
2363 9284 9388 16
2364 9284 9388 20
2365 9284 9388 99
2366 9284 9388 90
2367 9284 9388 84
2368 9284 9388 66
2369 9284 9392 89
2370 9299 9392 72
2371 9299 9392 93
2372 9299 9442 67
2373 9299 9442 54
2374 9299 9442 51
2375 9299 9442 37
2376 9299 9442 58
2377 9299 9442 91
2378 9299 9442 12
2379 9299 9442 87
2380 9299 9442 21
2381 9299 9503 47
2382 9299 9503 70
2383 9299 9503 27
2384 9336 9503 60
2385 9336 9503 74
2386 9336 9503 21
2387 9336 9503 92
2388 9336 9503 25
2389 9336 9503 22
2390 9336 9503 67
2391 9336 9503 96
2392 9336 9503 28
2393 9336 9531 51
2394 9336 9531 14
2395 9408 9531 26
2396 9418 9531 85
2397 9418 9531 43
2398 9418 9531 78
2399 9418 9564 77
2400 9511 9564 55
2401 9511 9564 29
2402 9511 9564 61
2403 9511 9564 40
2404 9511 9564 32
2405 9520 9564 15
2406 9520 9564 35
2407 9520 9564 76
2408 9525 9564 53
2409 9525 9624 58
2410 9525 9624 85
2411 9536 9624 13
2412 9537 9624 57
2413 9537 9624 74
2414 9537 9624 97
2415 9537 9624 72
2416 9537 9624 66
2417 9559 9624 18
2418 9559 9636 55
2419 9559 9636 24
2420 9559 9636 19
2421 9568 9636 90
2422 9568 9636 50
2423 9568 9636 28
2424 9568 9636 94
2425 9568 9636 53
2426 9568 9636 35
2427 9568 9636 78
2428 9568 9636 10
2429 9568 9636 59
2430 9568 9650 22
2431 9568 9650 28
2432 9608 9700 93
2433 9608 9700 98
2434 9608 9700 40
2435 9633 9700 14
2436 9633 9700 14
2437 9633 9700 88
2438 9646 9700 38
2439 9647 9700 24
2440 9647 9700 64
2441 9647 9700 98
2442 9674 9753 38
2443 9674 9753 72
2444 9674 9753 41
2445 9674 9768 13
2446 9674 9768 80
2447 9674 9768 47
2448 9674 9768 72
2449 9674 9768 78
2450 9776 9768 82
2451 9776 9768 63
2452 9794 9770 79
2453 9794 9770 82
2454 9794 9770 17
2455 9794 9770 72
2456 9794 9815 29
2457 9794 9815 36
2458 9794 9815 56
2459 9794 9815 93
2460 9794 9815 18
2461 9794 9815 85
2462 9794 9815 84
2463 9917 9815 53
2464 9917 9836 65
2465 9917 9836 13
2466 9917 9836 88
2467 9917 9836 44
2468 9917 9836 90
2469 9917 9871 32
2470 9917 9871 44
2471 9917 9871 26
2472 9921 9871 81
2473 9921 9871 17
2474 9921 9871 49
2475 9921 9871 38
2476 9921 9911 94
2477 9921 9911 16
2478 9921 9911 97
2479 9953 9911 89
2480 9953 9911 83
2481 9953 9911 19
2482 9953 9921 43
2483 9953 9921 42
2484 9953 9921 87
2485 9953 9933 57
2486 9953 9933 46
2487 9953 9933 75
2488 9953 9933 16
2489 9953 9933 59
2490 9953 9933 30
2491 9953 9986 46
2492 9998 9986 82
2493 9998 9986 83
2494 9998 9986 71
2495 9998 9986 92
2496 9998 9986 32
2497 9998 9986 89
2498 9998 9986 36
2499 9998 9986 36
