100 10 2001 2376
101 10 2006 2936
102 10 1995 1669
103 10 2002 2516
104 10 2004 2760
105 10 1996 1785
106 10 2003 2656
107 10 2001 2360
108 10 2002 2539
109 10 1998 2008
110 10 1992 1359
111 10 2001 2398
113 11 1991 1216
114 11 2000 2233
115 11 1997 1898
116 11 1994 1602
117 11 1993 1519
118 11 1996 1815
119 11 2004 2772
120 11 1996 1844
121 11 1997 1934
122 11 1993 1498
123 11 1993 1517
124 11 1997 1913
125 11 2003 2594
126 11 2002 2475
127 11 1993 1443
128 11 1993 1514
129 11 2005 2784
131 12 1990 1160
132 12 1995 1733
133 12 1993 1508
134 12 1992 1370
135 12 1993 1483
137 13 1994 1637
138 13 1997 1953
139 13 1990 1149
140 13 1991 1300
141 13 2007 3040
142 13 1990 1160
143 13 2004 2744
144 13 1994 1587
145 13 1993 1486
146 13 2000 2296
147 13 2001 2433
148 13 1993 1527
149 13 2004 2681
151 14 1990 1155
152 14 1996 1802
153 14 1990 1157
154 14 1999 2174
155 14 1991 1297
156 14 1998 2017
157 14 1996 1879
158 14 2006 2929
159 14 1997 1978
160 14 2002 2518
161 14 2005 2865
162 14 2007 3031
163 14 1992 1384
164 14 1993 1442
165 14 2000 2242
167 15 2004 2686
168 15 2002 2478
169 15 1992 1375
170 15 2006 2960
171 15 1999 2128
172 15 2005 2842
174 16 1995 1696
175 16 2007 3055
176 16 1994 1553
177 16 1991 1319
178 16 1997 1884
179 16 2004 2711
180 16 1999 2210
181 16 1993 1446
182 16 1990 1111
183 16 2001 2331
184 16 2003 2590
185 16 1999 2166
186 16 2006 2904
187 16 1992 1388
189 17 2005 2821
190 17 2004 2726
191 17 1998 2096
192 17 1993 1536
193 17 2003 2601
194 17 2003 2601
195 17 1995 1664
196 17 2004 2768
197 17 2002 2544
198 17 1992 1393
199 17 1992 1378
201 18 2004 2755
202 18 2005 2828
203 18 1994 1602
204 18 1998 2011
205 18 1999 2117
206 18 1998 2021
207 18 2003 2582
208 18 2002 2509
209 18 2006 2948
210 18 2003 2569
211 18 1996 1857
212 18 2004 2713
213 18 1997 1955
215 19 2002 2522
216 19 2001 2415
217 19 2005 2778
218 19 2003 2582
219 19 1997 1966
220 19 1991 1287
221 19 1992 1374
222 19 1997 1965
224 20 1994 1589
225 20 1990 1154
227 21 2002 2530
228 21 2007 3069
229 21 1993 1482
230 21 2006 2949
231 21 1993 1458
232 21 2003 2636
233 21 2000 2278
234 21 1998 2037
235 21 1994 1611
236 21 1991 1260
237 21 2007 3050
238 21 2000 2239
240 22 2006 2992
242 23 1995 1708
243 23 2002 2545
244 23 1998 2104
245 23 1992 1410
246 23 1990 1107
247 23 2004 2766
248 23 2007 3066
249 23 1997 1928
250 23 1998 2064
251 23 1990 1113
253 24 1991 1240
254 24 1999 2123
255 24 1991 1286
256 24 2006 2932
257 24 1999 2192
258 24 1997 1902
259 24 2001 2356
261 25 1990 1118
262 25 2002 2523
263 25 2000 2265
264 25 2004 2774
266 26 1999 2181
267 26 1998 2052
268 26 1995 1734
270 27 1999 2181
271 27 2000 2224
272 27 2006 2983
273 27 1996 1770
274 27 1994 1631
275 27 1992 1345
277 28 2003 2553
278 28 1998 2014
279 28 1992 1382
280 28 2002 2533
281 28 1999 2170
282 28 1990 1136
283 28 2006 2971
284 28 2006 2987
285 28 1992 1366
286 28 2000 2308
287 28 1994 1633
288 28 2001 2335
289 28 1994 1566
290 28 2007 3055
291 28 1992 1342
293 29 1997 1925
294 29 1991 1272
295 29 2005 2814
296 29 1990 1185
297 29 1991 1235
298 29 2001 2364
299 29 1991 1241
301 30 1994 1627
302 30 2007 3083
303 30 1991 1318
304 30 2003 2636
305 30 1994 1592
306 30 1993 1470
307 30 2001 2338
309 31 1998 1993
310 31 2006 2893
311 31 2001 2396
313 32 1992 1397
314 32 1996 1818
315 32 1995 1669
317 33 2001 2336
318 33 1996 1840
319 33 1996 1862
320 33 1996 1861
321 33 1999 2155
322 33 1998 2040
323 33 2002 2479
325 34 2005 2861
326 34 1991 1314
327 34 1995 1732
328 34 1993 1539
329 34 1995 1715
330 34 1999 2106
331 34 1993 1492
332 34 1992 1356
333 34 1998 2051
334 34 1991 1268
335 34 1995 1684
336 34 1993 1496
337 34 1998 2090
338 34 2001 2412
340 35 1993 1486
341 35 1992 1409
342 35 2000 2314
343 35 2003 2644
344 35 2003 2654
345 35 2003 2601
346 35 1995 1749
347 35 2002 2483
348 35 2002 2525
349 35 2001 2346
350 35 1998 2037
351 35 2005 2857
352 35 2002 2486
354 36 1999 2116
355 36 1990 1184
356 36 2002 2519
358 37 1998 2052
359 37 1999 2139
360 37 2000 2305
362 38 2006 2995
363 38 1993 1489
364 38 1992 1413
365 38 2002 2451
366 38 2006 2889
367 38 1998 2020
368 38 2003 2595
369 38 2007 3087
370 38 1998 2081
371 38 2007 3052
372 38 2004 2724
373 38 1996 1811
374 38 2007 3011
375 38 2005 2837
376 38 2001 2367
379 40 1997 1949
380 40 1993 1531
381 40 2003 2658
382 40 2000 2327
383 40 2003 2611
385 41 2002 2548
386 41 1996 1829
387 41 1993 1478
389 42 1997 1899
390 42 2002 2495
392 43 2003 2611
393 43 1997 1968
394 43 2004 2730
396 44 2002 2486
397 44 1991 1272
398 44 2003 2642
399 44 2000 2325
400 44 2003 2654
402 45 2000 2300
403 45 1999 2205
404 45 1998 2023
405 45 1990 1173
406 45 1998 2067
407 45 2002 2535
408 45 1995 1723
409 45 1990 1158
412 47 2003 2624
414 48 2005 2777
415 48 2002 2541
416 48 2006 2910
417 48 1994 1635
418 48 1999 2136
419 48 1990 1119
420 48 1991 1218
421 48 1991 1267
422 48 2004 2762
423 48 2006 2971
424 48 2005 2835
425 48 2003 2638
426 48 2005 2866
427 48 2000 2265
428 48 1990 1110
429 48 2003 2623
430 48 2007 3066
431 48 1992 1377
434 50 1990 1152
435 50 2006 2975
436 50 1995 1701
437 50 1997 1909
438 50 1993 1510
439 50 1993 1498
440 50 2000 2266
441 50 1996 1810
442 50 1995 1732
443 50 1993 1444
444 50 1996 1875
445 50 2003 2574
446 50 1991 1222
447 50 1995 1704
448 50 2003 2553
450 51 2007 3034
451 51 1999 2162
452 51 1998 2047
453 51 1998 2099
455 52 1997 1960
456 52 1994 1574
457 52 1997 1948
459 53 2003 2611
460 53 2000 2318
461 53 1994 1619
462 53 2005 2780
463 53 2003 2600
464 53 1990 1116
465 53 2002 2543
466 53 2007 3049
467 53 1998 2012
468 53 1995 1660
469 53 1999 2111
471 54 2000 2258
472 54 1995 1671
473 54 1991 1292
474 54 1998 2022
475 54 1997 1968
476 54 1999 2131
477 54 2002 2511
478 54 2002 2478
479 54 1992 1425
480 54 2002 2496
481 54 2005 2884
482 54 2002 2501
484 55 1991 1288
485 55 2005 2849
486 55 2000 2230
487 55 1990 1184
489 56 2006 2942
490 56 1990 1203
491 56 1999 2172
492 56 1994 1624
493 56 1999 2206
494 56 2006 2912
495 56 2000 2313
496 56 1993 1463
497 56 2002 2492
498 56 1992 1389
499 56 1996 1839
500 56 1998 2008
501 56 2000 2250
502 56 2001 2376
505 58 1996 1792
506 58 2002 2541
507 58 1991 1315
508 58 1994 1563
509 58 1998 2074
510 58 1990 1133
513 60 2001 2360
514 60 1999 2111
515 60 1991 1293
516 60 2007 3026
517 60 2004 2697
518 60 2003 2592
519 60 1991 1248
520 60 2003 2562
521 60 2005 2837
522 60 2006 2926
524 61 1992 1431
526 62 2007 3041
527 62 1993 1469
528 62 2007 3041
529 62 2004 2711
530 62 2006 2946
531 62 2006 2949
532 62 1990 1135
533 62 2007 3014
535 63 2002 2455
536 63 2002 2467
537 63 2006 2939
538 63 2003 2639
539 63 1995 1679
540 63 1992 1391
541 63 1994 1603
543 64 1992 1327
544 64 1999 2159
545 64 1996 1803
546 64 1993 1442
547 64 2000 2286
548 64 2005 2835
549 64 1996 1875
550 64 1999 2197
551 64 1997 1934
552 64 1997 1931
553 64 2007 3020
554 64 2000 2256
555 64 1998 2036
556 64 2004 2724
557 64 2004 2763
558 64 2005 2861
559 64 1995 1735
561 65 2004 2675
562 65 2007 3068
563 65 1997 1908
564 65 1994 1638
565 65 2000 2318
566 65 2005 2775
567 65 1997 1956
568 65 2004 2701
570 66 1991 1279
571 66 1995 1658
572 66 2004 2728
573 66 1996 1775
574 66 2002 2530
575 66 2003 2581
576 66 2004 2724
577 66 2004 2735
578 66 1999 2194
579 66 2001 2364
580 66 1999 2199
581 66 1996 1858
582 66 2002 2494
584 67 1995 1740
585 67 1995 1705
586 67 2000 2266
587 67 2001 2381
588 67 1999 2207
589 67 1996 1879
590 67 2007 3035
591 67 1996 1793
592 67 1999 2208
593 67 1992 1390
594 67 2005 2801
595 67 2004 2716
596 67 2000 2303
597 67 2007 3074
598 67 1995 1720
599 67 2003 2593
601 68 2007 3074
602 68 1999 2119
603 68 2002 2493
604 68 2006 2957
605 68 1996 1850
606 68 1999 2107
607 68 2000 2276
608 68 2000 2256
609 68 1993 1522
610 68 2002 2513
611 68 2002 2459
612 68 1992 1395
613 68 2003 2631
614 68 2006 2952
615 68 1993 1459
616 68 1995 1663
617 68 1998 2103
618 68 2001 2350
620 69 1998 2035
621 69 2002 2462
623 70 2004 2752
624 70 2001 2366
625 70 1990 1211
627 71 1998 1995
628 71 1998 2030
629 71 1998 2008
630 71 1999 2181
631 71 1992 1367
632 71 2007 3037
633 71 1999 2169
634 71 1992 1327
635 71 2003 2617
636 71 1998 2103
638 72 1991 1241
639 72 2000 2230
640 72 1992 1345
641 72 2005 2816
642 72 1998 2010
643 72 1995 1743
644 72 2004 2742
645 72 2002 2539
646 72 1990 1109
647 72 1997 1959
648 72 2005 2803
649 72 2002 2530
650 72 2004 2740
651 72 2000 2272
653 73 2001 2366
654 73 2007 3040
655 73 2000 2237
656 73 1995 1713
657 73 2007 3062
658 73 1999 2138
659 73 2001 2368
660 73 2006 2950
661 73 1996 1808
662 73 1998 2007
663 73 1994 1597
664 73 1998 2026
665 73 2006 2952
667 74 2007 3036
668 74 1998 2009
670 75 2001 2328
671 75 2002 2463
672 75 2000 2286
673 75 2006 2951
674 75 2001 2402
675 75 2002 2489
676 75 1996 1822
677 75 1991 1214
678 75 1997 1957
679 75 1990 1192
680 75 1995 1707
681 75 2001 2402
682 75 2007 3033
683 75 2004 2742
684 75 1993 1506
685 75 1993 1517
686 75 2003 2575
688 76 2001 2400
689 76 2005 2845
690 76 2006 2924
691 76 1993 1436
692 76 1997 1900
693 76 1994 1556
694 76 1992 1374
695 76 1994 1578
696 76 2005 2844
698 77 1992 1400
699 77 1993 1521
700 77 2002 2447
701 77 2000 2318
702 77 2007 3094
703 77 1997 1901
704 77 2005 2816
705 77 1994 1630
706 77 1997 1891
707 77 2003 2606
708 77 1994 1617
709 77 2004 2688
710 77 1993 1437
711 77 2006 2893
712 77 1994 1644
713 77 2006 2926
715 78 1992 1379
716 78 1994 1620
717 78 2002 2455
718 78 2005 2845
719 78 2002 2445
721 79 1991 1308
722 79 1992 1401
723 79 1994 1589
724 79 1999 2132
725 79 2004 2735
726 79 1990 1206
727 79 1990 1211
728 79 1995 1672
729 79 1993 1528
730 79 1998 2006
731 79 1998 2011
732 79 2002 2473
733 79 2004 2667
734 79 1999 2188
735 79 1992 1400
736 79 1996 1876
737 79 2004 2749
738 79 1990 1207
740 80 2006 2915
741 80 2004 2696
742 80 2002 2503
743 80 1997 1951
745 81 1998 2010
746 81 2007 3010
748 82 2006 2996
749 82 1998 2062
750 82 2007 3062
751 82 2001 2380
752 82 1994 1620
753 82 1994 1620
754 82 2007 3045
756 83 1998 2028
757 83 1996 1843
758 83 1993 1499
759 83 1990 1192
760 83 1991 1220
761 83 1997 1957
762 83 1991 1285
763 83 1993 1458
764 83 1996 1794
765 83 2004 2705
766 83 2007 3067
767 83 1993 1462
768 83 1995 1699
769 83 2004 2715
770 83 1991 1315
772 84 1996 1879
773 84 1996 1805
774 84 1992 1343
775 84 1999 2149
776 84 1995 1740
777 84 1993 1512
778 84 2003 2650
779 84 1991 1249
780 84 2007 3052
781 84 2002 2467
783 85 2002 2501
784 85 1995 1689
785 85 2000 2245
788 87 1996 1772
789 87 1991 1254
790 87 1997 1940
791 87 1990 1152
792 87 2007 3018
793 87 1998 2071
794 87 2007 3092
795 87 1995 1729
796 87 2000 2268
797 87 1998 2095
798 87 1991 1280
800 88 2007 3028
801 88 2003 2563
802 88 2005 2859
803 88 2000 2220
804 88 2007 3101
805 88 2002 2545
806 88 1994 1588
807 88 1992 1410
808 88 1992 1394
809 88 2005 2781
810 88 1991 1283
811 88 2001 2357
812 88 1999 2136
813 88 2003 2580
815 89 2006 2989
816 89 2003 2632
817 89 2002 2488
818 89 1995 1694
819 89 1994 1556
820 89 1996 1835
821 89 1996 1828
822 89 1992 1368
823 89 1999 2149
824 89 2005 2795
826 90 1994 1640
827 90 1996 1864
828 90 2007 3015
829 90 1994 1554
830 90 2004 2738
831 90 2004 2732
832 90 2004 2695
833 90 2004 2721
834 90 2005 2819
835 90 1990 1163
836 90 2000 2231
837 90 2000 2287
838 90 1995 1763
839 90 1993 1529
840 90 1991 1258
841 90 1994 1606
842 90 1997 1978
844 91 1999 2191
845 91 1992 1395
847 92 2003 2574
848 92 1994 1589
849 92 1998 2007
850 92 2006 2914
851 92 1995 1681
852 92 1990 1128
853 92 2002 2548
854 92 1995 1704
855 92 1990 1135
856 92 1996 1811
857 92 1992 1360
858 92 2003 2561
859 92 2004 2760
860 92 1993 1513
861 92 1990 1163
862 92 1995 1680
864 93 2001 2336
865 93 2003 2639
866 93 1990 1134
867 93 1996 1781
868 93 1996 1771
869 93 1990 1185
870 93 1995 1671
871 93 2003 2647
872 93 1998 2073
873 93 1993 1449
874 93 1996 1802
875 93 1997 1968
876 93 1998 2059
877 93 1993 1535
878 93 2007 3060
880 94 2006 2966
881 94 2004 2747
882 94 2007 3082
883 94 2004 2685
884 94 2000 2306
885 94 2004 2742
886 94 1998 2060
887 94 2001 2434
888 94 1993 1526
890 95 1991 1289
891 95 1999 2128
892 95 2003 2660
893 95 1998 2009
895 96 2003 2559
896 96 1995 1711
897 96 2003 2580
898 96 1996 1874
899 96 1995 1700
900 96 2006 2958
901 96 1998 2031
902 96 1998 2077
903 96 1997 1944
904 96 1993 1509
905 96 2004 2733
906 96 2002 2489
907 96 2007 3028
908 96 2002 2469
910 97 1997 1940
911 97 1992 1332
912 97 2001 2436
913 97 1995 1680
914 97 2004 2754
915 97 2004 2709
916 97 1996 1861
917 97 1993 1503
918 97 2006 2923
919 97 2005 2787
920 97 1997 1937
921 97 1997 1967
922 97 1998 2047
923 97 1992 1376
925 98 1991 1305
926 98 2004 2718
927 98 1994 1591
928 98 2004 2752
929 98 1994 1635
931 99 2004 2771
932 99 1990 1188
933 99 1993 1461
934 99 1997 1979
935 99 2007 3037
936 99 1992 1368
937 99 1999 2211
938 99 2003 2614
939 99 1998 2082
940 99 1999 2122
941 99 2001 2338
942 99 1993 1449
943 99 1991 1296
944 99 2001 2387
945 99 1992 1373