1100 1997 0 71
1101 2000 4 36
1102 2004 6 87
1103 2002 5 26
1104 1999 2 53
1105 1997 1 71
1106 1996 0 79
1107 1998 1 68
1108 2006 8 69
1109 2006 8 77
1110 2000 3 53
1111 1996 0 83
1112 2002 5 31
1113 2001 4 44
1114 2005 7 92
1115 2002 5 37
1116 2000 3 57
1117 1998 2 72
1118 2006 8 79
1119 1997 1 88
1120 1999 2 70
1121 2003 6 33
1122 2006 8 90
1123 1997 0 94
1124 2006 8 87
1125 2001 4 58
1126 1997 1 91
1127 2003 6 37
1128 1997 1 97
1129 2004 7 30
1130 2003 6 39
1131 2006 8 95
1132 2004 6 37
1133 1998 2 88
1134 2006 8 95
1135 2006 8 97
1136 2003 6 46
1137 1997 1 26
1138 2003 6 49
1139 2006 8 25
1140 2005 7 39
1141 2000 3 83
1142 2000 3 86
1143 2002 5 61
1144 2004 7 43
1145 1996 0 45
1146 1998 1 25
1147 1998 2 23
1148 1998 2 25
1149 1997 1 38
1150 1996 0 50
1151 1996 0 46
1152 2002 5 75
1153 1996 0 52
1154 2005 7 52
1155 2000 3 94
1156 2001 4 84
1157 2003 5 71
1158 2002 5 79
1159 2005 7 56
1160 2006 8 42
1161 2000 3 24
1162 1996 0 55
1163 1998 1 44
1164 1998 1 43
1165 2000 3 25
1166 1999 2 33
1167 1999 3 32
1168 2001 4 98
1169 2005 7 66
1170 2005 7 63
1171 1999 2 43
1172 2002 5 97
1173 1996 0 68
1174 1999 2 45
1175 2006 8 64
1176 1999 2 45
1177 1999 2 47
1178 1999 2 50
1179 2006 8 62
1180 1998 2 54
1181 2005 8 71
1182 2001 4 36
1183 1996 0 83
1184 2004 7 85
1185 2003 5 20
1186 2000 3 47
1187 2004 6 93
1188 2000 3 46
1189 2002 5 32
1190 2001 4 44
1191 1996 0 87
1192 2001 4 41
1193 2005 7 88
1194 2006 8 78
1195 2000 4 51
1196 1999 2 66
1197 1997 1 80
1198 2000 3 57
1199 2000 3 59
1200 2003 6 33
1201 2005 7 96
1202 2004 6 28
1203 2000 3 64
1204 1998 2 81
1205 2003 6 33
1206 2001 4 57
1207 2001 4 55
1208 2003 6 36
1209 2006 8 99
1210 1997 0 20
1211 1998 1 90
1212 2000 3 74
1213 2002 5 51
1214 2002 5 57
1215 1996 0 28
1216 2005 8 26
1217 1996 0 30
1218 2000 3 78
1219 2002 4 64
1220 1996 0 39
1221 2002 5 63
1222 2006 8 29
1223 2006 8 31
1224 2000 3 88
1225 2005 7 43
1226 2004 6 50
1227 2003 6 58
1228 1996 0 39
1229 2005 7 45
1230 2002 5 69
1231 1997 1 37
1232 2005 8 43
1233 2005 7 46
1234 1999 2 25
1235 2000 3 94
1236 1997 1 40
1237 1996 0 51
1238 2004 6 62
1239 1996 0 52
1240 1997 1 45
1241 2005 7 55
1242 1996 0 60
1243 2001 4 92
1244 2001 4 97
1245 1998 2 40
1246 2003 5 81
1247 2005 7 59
1248 1999 2 40
1249 2005 7 61
1250 2001 4 96
1251 1998 2 48
1252 2004 6 76
1253 2005 7 68
1254 2000 3 36
1255 1996 0 67
1256 2006 8 65
1257 2005 7 75
1258 1996 0 75
1259 2000 3 38
1260 2006 8 65
1261 2004 7 81
1262 2000 3 39
1263 2005 7 76
1264 1999 2 55
1265 2006 8 70
1266 1999 2 54
1267 2001 4 37
1268 1999 2 55
1269 1997 1 74
1270 2006 8 79
1271 2005 7 88
1272 1999 2 62
1273 1999 2 61
1274 2000 3 55
1275 1997 1 80
1276 2002 5 40
1277 2000 3 55
1278 2000 3 54
1279 1997 1 88
1280 1997 1 84
1281 2005 7 94
1282 2000 3 62
1283 1998 1 83
1284 1999 2 74
1285 2000 3 67
1286 2000 3 69
1287 1996 0 24
1288 2001 4 60
1289 1998 1 89
1290 2001 4 61
1291 1999 3 77
1292 1996 0 29
1293 1999 3 78
1294 1997 1 22
1295 1999 3 80
1296 2000 3 73
1297 1997 1 23
1298 1998 1 97
1299 2001 4 67
1300 2006 8 28
1301 1997 1 26
1302 2002 5 67
1303 1997 1 31
1304 2006 8 28
1305 2003 6 55
1306 2006 8 34
1307 2000 4 83
1308 2001 4 83
1309 1998 2 26
1310 2001 4 79
1311 2001 4 82
1312 2000 3 94
1313 2006 8 41
1314 1998 2 30
1315 1996 0 48
1316 2000 3 97
1317 1998 2 35
1318 2002 5 82
1319 2006 8 48
1320 2002 5 82
1321 1999 2 33
1322 1996 0 61
1323 1997 1 51
1324 2003 5 78
1325 2002 5 88
1326 2004 7 66
1327 2006 8 52
1328 1998 1 48
1329 1996 0 65
1330 2003 6 78
1331 2000 3 29
1332 1998 1 52
1333 2006 8 61
1334 1998 1 56
1335 1996 0 74
1336 1999 2 44
1337 1999 2 49
1338 1998 2 54
1339 2002 5 99
1340 2001 4 35
1341 2006 8 69
1342 2002 5 25
1343 1998 2 58
1344 2003 6 95
1345 1996 0 85
1346 2006 8 71
1347 1997 0 77
1348 1997 1 77
1349 1996 0 85
1350 2006 8 75
1351 1998 1 71
1352 2002 5 34
1353 1999 2 64
1354 2006 8 81
1355 2003 5 31
1356 1997 1 83
1357 2000 3 54
1358 2001 4 52
1359 2000 3 60
1360 2005 8 90
1361 2006 8 84
1362 1998 2 78
1363 2000 3 62
1364 2001 4 53
1365 1997 0 96
1366 1999 2 78
1367 2001 4 62
1368 2004 6 34
1369 1998 1 87
1370 2004 6 35
1371 1997 1 20
1372 2006 8 94
1373 2006 8 97
1374 2001 4 68
1375 2003 5 50
1376 2003 6 45
1377 2004 6 41
1378 2000 3 75
1379 2003 5 53
1380 2002 5 59
1381 2003 6 52
1382 2005 7 39
1383 1997 1 28
1384 1996 0 36
1385 2001 4 74
1386 2005 7 42
1387 2005 8 37
1388 2006 8 30
1389 2001 4 75
1390 2005 7 42
1391 2005 8 43
1392 2004 7 51
1393 2005 7 48
1394 2003 6 64
1395 2001 4 87
1396 2003 6 68
1397 1997 1 41
1398 2004 6 65
1399 2002 5 80
1400 2003 6 69
1401 2001 4 92
1402 2000 3 26
1403 2005 8 54
1404 1999 2 36
1405 2005 7 61
1406 1998 2 44
1407 2002 5 86
1408 2005 7 65
1409 1999 2 41
1410 2006 8 58
1411 2000 3 35
1412 2006 8 53
1413 2004 7 73
1414 2004 6 77
1415 1998 1 55
1416 1997 1 63
1417 1996 0 69
1418 1999 2 46
1419 1996 0 79
1420 1998 2 55
1421 2000 3 43
1422 2001 4 35
1423 1998 1 64
1424 1999 3 51
1425 2005 7 79
1426 1999 2 57
1427 1997 1 75
1428 1998 2 62
1429 2006 8 72
1430 2006 8 74
1431 2002 4 37
1432 1996 0 90
1433 2005 7 90
1434 2006 8 79
1435 1997 1 84
1436 1999 2 64
1437 2006 8 83
1438 2005 7 91
1439 1998 2 75
1440 1999 2 72
1441 1998 2 79
1442 1996 0 96
1443 2003 6 33
1444 2002 5 43
1445 2001 4 53
1446 2005 8 97
1447 1996 0 26
1448 1996 0 20
1449 2001 4 60
1450 1999 3 76
1451 2002 5 51
1452 2005 7 29
1453 2004 6 40
1454 1999 3 81
1455 1999 2 82
1456 1996 0 34
1457 1997 1 20
1458 2002 5 63
1459 2000 3 77
1460 2002 4 66
1461 1997 0 32
1462 1999 3 87
1463 2005 7 38
1464 1999 2 93
1465 2000 3 88
1466 1999 3 93
1467 1997 1 32
1468 2005 7 44
1469 2003 5 64
1470 2005 7 42
1471 1998 1 33
1472 1998 1 32
1473 1996 0 45
1474 2003 6 63
1475 1996 0 52
1476 1999 2 25
1477 2004 6 60
1478 2002 5 80
1479 2004 7 58
1480 2006 8 43
1481 1999 2 33
1482 1996 0 58
1483 2004 6 66
1484 2002 5 82
1485 1999 3 30
1486 2003 6 75
1487 1999 2 38
1488 2001 4 98
1489 2002 5 87
1490 1997 0 61
1491 1997 1 56
1492 2000 3 34
1493 2000 4 28
1494 2003 6 85
1495 1998 1 57
1496 2005 7 69
1497 1998 1 57
1498 2000 3 40
1499 1998 2 56
1500 1998 1 62
1501 2004 6 88
1502 1997 1 66
1503 2000 3 41
1504 2002 5 24
1505 1997 1 70
1506 2000 3 47
1507 2004 6 92
1508 1996 0 86
1509 1999 2 59
1510 1996 0 89
1511 1998 2 67
1512 2002 5 34
1513 2004 6 99
1514 2000 4 50
1515 1998 2 69
1516 1996 0 91
1517 2002 5 40
1518 1998 2 75
1519 2006 8 84
1520 2003 6 34
1521 1996 0 97
1522 2003 5 37
1523 1998 2 81
1524 2002 5 48
1525 2004 6 32
1526 2004 7 26
1527 2004 6 32
1528 2000 3 70
1529 2001 4 57
1530 1997 1 95
1531 1997 0 21
1532 2000 3 73
1533 1999 3 79
1534 2002 5 51
1535 1998 2 91
1536 1997 1 25
1537 2002 5 55
1538 1997 1 22
1539 2001 4 72
1540 2006 8 24
1541 2006 8 26
1542 1998 2 96
1543 1998 1 24
1544 2002 5 64
1545 2005 7 41
1546 2002 5 70
1547 2003 5 63
1548 1996 0 48
1549 2000 3 86
1550 1997 1 37
1551 1999 2 22
1552 2006 8 35
1553 2000 3 91
1554 2002 5 78
1555 1997 1 42
1556 1996 0 49
1557 2006 8 44
1558 2005 7 52
1559 2005 7 52
1560 1999 3 25
1561 2003 5 78
1562 2000 3 25
1563 2001 4 94
1564 1997 1 49
1565 2006 8 54
1566 2005 7 61
1567 1998 2 43
1568 1997 1 57
1569 1998 1 49
1570 1997 1 55
1571 2000 3 28
1572 2000 3 31
1573 2004 6 78
1574 2006 8 55
1575 2003 6 84
1576 2004 6 79
1577 2001 4 31
1578 2002 5 96
1579 2003 6 88
1580 1997 1 64
1581 1997 1 66
1582 2004 6 87
1583 2006 8 68
1584 2000 3 45
1585 2005 7 79
1586 1997 1 74
1587 2006 8 70
1588 2004 7 90
1589 2001 4 40
1590 1997 1 73
1591 1997 1 74
1592 2004 6 97
1593 1999 2 64
1594 1997 1 83
1595 1999 2 63
1596 2002 5 38
1597 2004 6 20
1598 1996 0 94
1599 2003 6 31
1600 2006 8 81
1601 1999 2 69
1602 2001 4 49
1603 2004 7 23
1604 1999 2 77
1605 2003 6 35
1606 2005 7 98
1607 1998 1 86
1608 2000 3 66
1609 2005 7 24
1610 1999 3 74
1611 2002 5 51
1612 1999 2 81
1613 1997 1 98
1614 2003 6 44
1615 1998 1 96
1616 2005 7 28
1617 2000 3 76
1618 1997 0 28
1619 1999 2 91
1620 2004 7 41
1621 2005 7 33
1622 2001 4 77
1623 2002 5 62
1624 1996 0 42
1625 2006 8 28
1626 2003 6 59
1627 1997 1 36
1628 2003 5 64
1629 2003 6 63
1630 1997 1 37
1631 1996 0 51
1632 2000 3 90
1633 2006 8 40
1634 2003 6 62
1635 2005 7 51
1636 2002 5 74
1637 2006 8 42
1638 2003 6 71
1639 2003 6 70
1640 2006 8 42
1641 2005 8 51
1642 2001 4 88
1643 2006 8 51
1644 1997 1 51
1645 2002 5 89
1646 2005 7 60
1647 2002 5 87
1648 2002 5 90
1649 2006 8 58
1650 2000 3 26
1651 1997 1 55
1652 2003 6 86
1653 2004 6 78
1654 2005 8 65
1655 1997 0 64
1656 2005 7 70
1657 2006 8 66
1658 2004 6 81
1659 1999 2 49
1660 1996 0 78
1661 2004 6 85
1662 2002 5 25
1663 2004 6 88
1664 2003 6 93
1665 1999 3 50
1666 1998 1 68
1667 2000 3 50
1668 2000 3 46
1669 2005 7 84
1670 2002 5 33
1671 2006 8 78
1672 2004 6 98
1673 2000 3 52
1674 1999 2 64
1675 2005 8 86
1676 1999 3 63
1677 2001 4 45
1678 2001 4 50
1679 2001 4 53
1680 1997 1 89
1681 1996 0 95
1682 2001 4 49
1683 2004 6 31
1684 1998 2 82
1685 2006 8 88
1686 1999 3 73
1687 2003 6 40
1688 1996 0 24
1689 2002 5 49
1690 2006 8 92
1691 2003 6 40
1692 1997 1 95
1693 2000 3 76
1694 2003 5 48
1695 1998 1 94
1696 1999 2 84
1697 2004 7 39
1698 1998 1 98
1699 2004 6 42
1700 2000 3 82
1701 2001 4 73
1702 1997 1 25
1703 2004 6 50
1704 1999 3 90
1705 2001 4 75
1706 2000 3 84
1707 1998 2 22
1708 2000 4 84
1709 1996 0 49
1710 2004 6 53
1711 1999 3 98
1712 2000 3 90
1713 1999 2 22
1714 1998 1 36
1715 2006 8 39
1716 1998 2 33
1717 2005 7 53
1718 2001 4 85
1719 2004 6 65
1720 1996 0 59
1721 2001 4 90
1722 1999 3 29
1723 2005 7 61
1724 2005 7 57
1725 2005 7 60
1726 2004 6 71
1727 2000 3 31
1728 2004 6 73
1729 1996 0 61
1730 2002 5 94
1731 2002 4 96
1732 1999 2 40
1733 2003 6 83
1734 1996 0 67
1735 2002 5 92
1736 2005 7 68
1737 2004 7 77
1738 2000 3 40
1739 2003 6 88
1740 2002 4 26
1741 1996 0 73
1742 1998 2 60
1743 1996 0 79
1744 2005 7 81
1745 2003 5 21
1746 1999 2 57
1747 2005 7 82
1748 1998 1 70
1749 2003 6 99
1750 2006 8 72
1751 2001 4 43
1752 1998 2 67
1753 2001 4 47
1754 2004 6 98
1755 2005 7 88
1756 1997 1 82
1757 1999 3 62
1758 2005 7 93
1759 2001 4 50
1760 2004 6 25
1761 1996 0 96
1762 2001 4 52
1763 1999 3 68
1764 2000 3 61
1765 1998 1 83
1766 1996 0 25
1767 2003 6 36
1768 1998 2 85
1769 2002 4 54
1770 1996 0 23
1771 2000 3 69
1772 2001 4 66
1773 2004 7 32
1774 1998 1 95
1775 2006 8 23
1776 1999 2 88
1777 1999 2 88
1778 2006 8 20
1779 1998 2 96
1780 2002 5 64
1781 2005 8 32
1782 1997 1 25
1783 1996 0 39
1784 1997 0 35
1785 1996 0 37
1786 1999 2 97
1787 2005 7 42
1788 2006 8 34
1789 1998 1 29
1790 2001 4 82
1791 2001 4 78
1792 2006 8 38
1793 2005 8 45
1794 2006 8 38
1795 2001 4 86
1796 2002 5 78
1797 2005 7 51
1798 2002 5 78
1799 2002 5 78
1800 2002 5 77
1801 2002 5 84
1802 2002 5 80
1803 2002 5 80
1804 2002 5 81
1805 2002 5 90
1806 1996 0 65
1807 2000 3 23
1808 1998 2 42
1809 2005 7 66
1810 2002 5 92
1811 2005 7 66
1812 2000 3 35
1813 2002 5 92
1814 2006 8 61
1815 2005 7 70
1816 2005 7 69
1817 2000 4 32
1818 1998 2 53
1819 1999 3 44
1820 2006 8 68
1821 1997 1 66
1822 2004 6 86
1823 1996 0 81
1824 1996 0 77
1825 2001 4 31
1826 2001 4 38
1827 2002 5 30
1828 2005 7 84
1829 2003 6 99
1830 1999 3 56
1831 2000 3 50
1832 2003 6 23
1833 2000 3 57
1834 2002 5 34
1835 2006 8 77
1836 1999 2 69
1837 2001 4 43
1838 2000 3 57
1839 2001 4 46
1840 1996 0 94
1841 2005 7 96
1842 2002 5 43
1843 1997 1 92
1844 2002 5 42
1845 2002 5 43
1846 1997 1 91
1847 1999 2 74
1848 2006 8 93
1849 1997 1 98
1850 2002 5 48
1851 1997 1 98
1852 2002 5 52
1853 1998 2 89
1854 2003 6 45
1855 2001 4 68
1856 2004 7 35
1857 2002 5 58
1858 2002 5 62
1859 1996 0 31
1860 1996 0 33
1861 2000 3 77
1862 2002 5 63
1863 2002 5 68
1864 2001 4 76
1865 1997 1 29
1866 1997 1 30
1867 1996 0 47
1868 1996 0 47
1869 2006 8 35
1870 2002 5 73
1871 1999 2 98
1872 1996 0 49
1873 2003 6 62
1874 1999 2 25
1875 1996 0 49
1876 2002 5 81
1877 2003 5 72
1878 2000 3 98
1879 2000 4 95
1880 2000 3 22
1881 1997 1 46
1882 2002 5 81
1883 2004 6 70
1884 1996 0 56
1885 1998 1 45
1886 2004 7 66
1887 2000 4 23
1888 2003 6 81
1889 1997 1 57
1890 1997 1 53
1891 2003 6 83
1892 2006 8 54
1893 1999 2 41
1894 2001 4 28
1895 2002 5 93
1896 1998 2 50
1897 1996 0 73
1898 2002 5 96
1899 2000 4 34
1900 2001 4 34
1901 1997 1 66
1902 1999 2 51
1903 1996 0 82
1904 2001 4 30
1905 1999 2 56
1906 1997 0 76
1907 2005 8 78
1908 2006 8 73
1909 2002 5 27
1910 2006 8 79
1911 1997 1 75
1912 1998 1 74
1913 1997 1 82
1914 2003 6 24
1915 2006 8 83
1916 2005 7 94
1917 2005 7 92
1918 2001 4 51
1919 1999 2 71
1920 1999 3 65
1921 2003 6 30
1922 1999 2 69
1923 2005 7 95
1924 2004 6 27
1925 2005 8 96
1926 1999 3 72
1927 2003 6 37
1928 1998 2 83
1929 2003 6 43
1930 2004 7 30
1931 2001 4 60
1932 1996 0 30
1933 2006 8 98
1934 2006 8 96
1935 1998 2 92
1936 2005 7 33
1937 2002 5 57
1938 1998 1 99
1939 2004 7 40
1940 1997 0 30
1941 2006 8 30
1942 2001 4 73
1943 1996 0 39
1944 1998 1 23
1945 1996 0 45
1946 2001 4 77
1947 2005 7 41
1948 2002 5 66
1949 2001 4 76
1950 2004 7 50
1951 2000 3 91
1952 2002 5 76
1953 1999 3 99
1954 1997 0 45
1955 2004 6 61
1956 2005 7 54
1957 2000 3 95
1958 1998 2 35
1959 2003 5 75
1960 2006 8 46
1961 2000 3 21
1962 2002 5 79
1963 1999 2 35
1964 2005 7 62
1965 2000 3 26
1966 1997 1 53
1967 1998 2 45
1968 1997 1 55
1969 2001 4 22
1970 1996 0 61
1971 1998 1 50
1972 2003 5 86
1973 2003 6 85
1974 1998 1 56
1975 2000 3 31
1976 1998 2 54
1977 1999 2 49
1978 2003 6 91
1979 2004 6 83
1980 2000 3 41
1981 2001 4 33
1982 1996 0 75
1983 2003 6 91
1984 2005 7 78
1985 2000 3 46
1986 2006 8 71
1987 2003 6 99
1988 2005 7 83
1989 1998 2 66
1990 2000 3 50
1991 2000 3 50
1992 2000 3 56
1993 2001 4 39
1994 2005 7 89
1995 2003 6 26
1996 1999 2 68
1997 1998 1 77
1998 1998 2 76
1999 2004 7 98
2000 2005 7 93
2001 1998 2 75
2002 2004 6 30
2003 1997 1 89
2004 2000 3 60
2005 2002 5 47
2006 2004 6 32
2007 2005 7 99
2008 1997 1 92
2009 2003 5 44
2010 2001 4 58
2011 2001 4 57
2012 2004 6 38
2013 2001 4 67
2014 1998 2 89
2015 2000 4 70
2016 1999 2 84
2017 2006 8 26
2018 2000 3 77
2019 2000 3 77
2020 2000 4 76
2021 2001 4 76
2022 2000 3 86
2023 2005 8 34
2024 1996 0 38
2025 2003 6 58
2026 2005 7 42
2027 1997 1 36
2028 2005 7 45
2029 2001 4 81
2030 1997 1 35
2031 1996 0 50
2032 1996 0 47
2033 2005 7 47
2034 2005 8 45
2035 1997 1 43
2036 2004 6 61
2037 2006 8 44
2038 1999 2 31
2039 1999 2 31
2040 2003 5 75
2041 1996 0 54
2042 2001 4 90
2043 1998 1 43
2044 2003 6 73
2045 2005 7 59
2046 2003 5 80
2047 2005 8 58
2048 1999 2 40
2049 2000 3 30
2050 2000 3 33
2051 2000 3 34
2052 2004 7 74
2053 2004 7 74
2054 2000 3 38
2055 2000 3 34
2056 2005 8 66
2057 2005 7 74
2058 1996 0 71
2059 2004 6 83
2060 2004 6 87
2061 2002 5 99
2062 1996 0 78
2063 2003 6 96
2064 2001 4 35
2065 2001 4 35
2066 2001 4 38
2067 2005 7 79
2068 2002 5 31
2069 1997 1 76
2070 2003 6 21
2071 2000 3 52
2072 2002 5 29
2073 1997 1 80
2074 2004 6 97
2075 2000 3 58
2076 2006 8 83
2077 1997 1 81
2078 1997 1 81
2079 1998 1 79
2080 1996 0 99
2081 2006 8 87
2082 2005 7 99
2083 2000 3 60
2084 1997 1 93
2085 2004 7 27
2086 1998 2 84
2087 1998 2 81
2088 2001 4 58
2089 2001 4 61
2090 1998 1 88
2091 2006 8 99
2092 2005 7 27
2093 2001 4 62
2094 2002 4 59
2095 1996 0 32
2096 1996 0 34
2097 2005 7 33
2098 2003 6 47
2099 1998 1 98
2100 2000 3 82
2101 2004 7 43
2102 1999 2 90
2103 1997 1 28
2104 2003 6 55
2105 2006 8 28
2106 2004 6 52
2107 2003 5 62
2108 1996 0 47
2109 2006 8 30
2110 2001 4 82
2111 2004 6 58
2112 2003 5 67
2113 2005 7 46
2114 2004 6 59
2115 2004 7 57
2116 2004 7 57
2117 2002 5 76
2118 2002 5 82
2119 2003 6 69
2120 1999 2 33
2121 1998 2 39
2122 2000 3 24
2123 1997 0 54
2124 2006 8 53
2125 2004 6 68
2126 2001 4 93
2127 1997 1 56
2128 2002 5 90
2129 2004 6 75
2130 1999 3 35
2131 1996 0 63
2132 2000 4 27
2133 2006 8 57
2134 2004 7 73
2135 1998 2 53
2136 2002 5 94
2137 2003 6 90
2138 2004 6 85
2139 1997 1 66
2140 1996 0 76
2141 2002 5 24
2142 1998 2 58
2143 2001 4 33
2144 2006 8 65
2145 2001 4 37
2146 1998 2 60
2147 2006 8 70
2148 2004 6 92
2149 2004 6 93
2150 1998 2 67
2151 2000 3 50
2152 1999 2 64
2153 1996 0 93
2154 2006 8 81
2155 1997 1 80
2156 2000 3 56
2157 1998 2 74
2158 1998 2 74
2159 2006 8 87
2160 2000 3 56
2161 2002 5 39
2162 1996 0 96
2163 1998 2 76
2164 2003 5 40
2165 2000 3 66
2166 1999 2 78
2167 2003 6 38
2168 1996 0 23
2169 2001 4 57
2170 1997 1 94
2171 1997 1 20
2172 2005 7 25
2173 2000 3 71
2174 2003 5 48
2175 2003 6 45
2176 2006 8 98
2177 2005 7 30
2178 1997 0 29
2179 2000 3 77
2180 2001 4 69
2181 2002 5 66
2182 1999 3 87
2183 2004 7 42
2184 2001 4 74
2185 2006 8 31
2186 2004 7 46
2187 2000 4 82
2188 1996 0 46
2189 2003 5 64
2190 2005 7 48
2191 2000 3 93
2192 2000 3 89
2193 2004 7 52
2194 2003 6 65
2195 2000 3 93
2196 2001 4 86
2197 2006 8 41
2198 2005 7 52
2199 2002 5 79
2200 1998 1 40
2201 2002 5 85
2202 2006 8 50
2203 1998 2 39
2204 2002 5 84
2205 1997 1 53
2206 2001 4 93
2207 2005 7 62
2208 1999 3 35
2209 1998 2 46
2210 1997 1 53
2211 2001 4 98
2212 1997 1 58
2213 2004 7 72
2214 2000 3 34
2215 2005 7 67
2216 1999 2 49
2217 1998 2 52
2218 2004 6 82
2219 2003 6 89
2220 2002 5 21
2221 2005 7 78
2222 2003 6 95
2223 2000 3 43
2224 2003 6 95
2225 2004 6 88
2226 2003 6 98
2227 1996 0 82
2228 2004 6 95
2229 1998 2 65
2230 1998 1 71
2231 1996 0 90
2232 1996 0 92
2233 2001 4 45
2234 1998 2 72
2235 2006 8 80
2236 2003 5 33
2237 1997 0 87
2238 1998 1 77
2239 2000 3 61
2240 2000 3 60
2241 2006 8 87
2242 1997 1 91
2243 2004 7 25
2244 2001 4 57
2245 1999 2 76
2246 1998 2 82
2247 2002 5 46
2248 2000 3 67
2249 2004 7 29
2250 1997 1 96
2251 1998 2 86
2252 1998 1 92
2253 1997 1 97
2254 1996 0 33
2255 2000 3 79
2256 2005 7 28
2257 2001 4 65
2258 2002 4 64
2259 2005 7 36
2260 2000 3 76
2261 2001 4 74
2262 1997 1 30
2263 1997 0 34
2264 1996 0 40
2265 1997 1 29
2266 2001 4 74
2267 2003 5 62
2268 2002 5 69
2269 2000 4 85
2270 1998 2 26
2271 1997 1 35
2272 1996 0 48
2273 2000 3 95
2274 1999 2 25
2275 2003 5 71
2276 2003 6 65
2277 2005 7 49
2278 2006 8 46
2279 2000 3 99
2280 2001 4 88
2281 1996 0 55
2282 2003 5 78
2283 2006 8 51
2284 1997 0 55
2285 2006 8 52
2286 2004 7 66
2287 2005 7 63
2288 2001 4 21
2289 2005 7 64
2290 1996 0 64
2291 1997 1 60
2292 2002 5 97
2293 2000 3 36
2294 2006 8 60
2295 2006 8 62
2296 2005 7 74
2297 1996 0 76
2298 2004 6 84
2299 1999 2 48
2300 2004 6 84
2301 2002 5 22
2302 1996 0 80
2303 2006 8 67
2304 2002 5 28
2305 2006 8 67
2306 1998 1 65
2307 2005 7 85
2308 2005 7 82
2309 2000 3 52
2310 2003 5 26
2311 2006 8 72
2312 2002 5 33
2313 1997 1 79
2314 1999 2 63
2315 2000 3 57
2316 2005 7 94
2317 1998 1 78
2318 1996 0 98
2319 1997 0 89
2320 1999 3 64
2321 2003 6 33
2322 1997 1 85
2323 2004 6 30
2324 2000 3 66
2325 1997 1 93
2326 2002 5 46
2327 2003 6 41
2328 2000 3 65
2329 1999 3 73
2330 2004 7 29
2331 2003 6 41
2332 1997 1 98
2333 2002 5 52
2334 2002 5 51
2335 2006 8 23
2336 1996 0 33
2337 2003 6 49
2338 1999 3 82
2339 1997 0 28
2340 2003 6 48
2341 2006 8 23
2342 2006 8 25
2343 1997 0 33
2344 1998 1 24
2345 1996 0 39
2346 2001 4 75
2347 2000 3 86
2348 1996 0 43
2349 2002 5 74
2350 1997 0 40
2351 2002 5 68
2352 1996 0 52
2353 2003 5 70
2354 2006 8 40
2355 1996 0 47
2356 2000 3 95
2357 1999 2 28
2358 2002 5 81
2359 2000 3 96
2360 2000 3 23
2361 2001 4 87
2362 2000 3 24
2363 2001 4 93
2364 2002 4 89
2365 2006 8 51
2366 2005 7 61
2367 2006 8 49
2368 2001 4 97
2369 2000 3 30
2370 1999 3 36
2371 1997 1 57
2372 2005 7 69
2373 2005 8 64
2374 2000 3 37
2375 2000 3 37
2376 2003 6 85
2377 1996 0 70
2378 2001 4 26
2379 1999 2 48
2380 2002 5 99
2381 1998 1 62
2382 2002 5 22
2383 2005 7 75
2384 1998 2 59
2385 1998 1 67
2386 2003 6 96
2387 2001 4 37
2388 2003 5 22
2389 2002 4 34
2390 2001 4 40
2391 2004 6 97
2392 1997 0 82
2393 2006 8 81
2394 2004 6 21
2395 1997 1 77
2396 2002 5 37
2397 2001 4 51
2398 2002 4 43
2399 1998 2 73
2400 1998 1 79
2401 2001 4 48
2402 2005 8 92
2403 2003 6 37
2404 1998 1 84
2405 2006 8 89
2406 2004 7 27
2407 1997 0 97
2408 1998 2 82
2409 2002 5 53
2410 2000 3 73
2411 1999 3 77
2412 2004 6 36
2413 1998 2 87
2414 2005 7 32
2415 1997 1 98
2416 2006 8 23
2417 2001 4 67
2418 1998 2 93
2419 2000 3 83
2420 1998 2 96
2421 1999 3 87
2422 1999 2 90
2423 2006 8 27
2424 2005 7 36
2425 2002 5 65
2426 1996 0 43
2427 2005 8 37
2428 1997 1 33
2429 1998 1 30
2430 2004 7 52
2431 1998 2 27
2432 2001 4 80
2433 1998 2 27
2434 1997 0 44
2435 1996 0 47
2436 1999 2 27
2437 2006 8 43
2438 2003 6 71
2439 1999 2 30
2440 2000 3 22
2441 2002 5 82
2442 1998 2 38
2443 1997 0 54
2444 1997 1 47
2445 1997 1 49
2446 2006 8 49
2447 2005 7 63
2448 1997 0 58
2449 2002 5 93
2450 1998 2 46
2451 1997 0 62
2452 1998 1 51
2453 1998 1 55
2454 1996 0 72
2455 2005 7 69
2456 1998 1 56
2457 2006 8 63
2458 2004 7 81
2459 2002 5 99
2460 2006 8 68
2461 2005 8 72
2462 2006 8 68
2463 1996 0 77
2464 2004 7 87
2465 1997 1 73
2466 2004 7 85
2467 2001 4 38
2468 1997 1 72
2469 2004 6 95
2470 2005 7 82
2471 2006 8 72
2472 2005 7 89
2473 2006 8 77
2474 2006 8 77
2475 2003 5 31
2476 1997 0 86
2477 1998 2 75
2478 2004 7 20
2479 2003 6 27
2480 2002 5 37
2481 1998 1 82
2482 2004 7 22
2483 2002 5 44
2484 2006 8 89
2485 2003 6 36
2486 1996 0 23
2487 1999 3 73
2488 1998 2 84
2489 1998 2 86
2490 2005 7 23
2491 1999 3 76
2492 1997 1 96
2493 1996 0 26
2494 1999 3 78
2495 2001 4 66
2496 2003 5 52
2497 1997 1 20
2498 1999 2 87
2499 1996 0 34
2500 1999 3 86
2501 2001 4 74
2502 2003 6 54
2503 1999 3 88
2504 2003 6 56
2505 1998 2 21
2506 1998 2 21
2507 1998 2 23
2508 1998 1 28
2509 2000 3 92
2510 2004 6 54
2511 2006 8 34
2512 1997 1 37
2513 1996 0 48
2514 2006 8 38
2515 2004 6 62
2516 1996 0 48
2517 1999 3 22
2518 1997 1 47
2519 1996 0 51
2520 1996 0 52
2521 2001 4 94
2522 1998 2 37
2523 2006 8 51
2524 2005 7 57
2525 2001 4 93
2526 2005 7 63
2527 2004 6 72
2528 2002 5 88
2529 2001 4 22
2530 1996 0 70
2531 2006 8 59
2532 2005 8 62
2533 2004 6 81
2534 2000 3 36
2535 1997 1 60
2536 2001 4 25
2537 2000 4 32
2538 2006 8 67
2539 2003 6 89
2540 2000 3 37
2541 2004 7 83
2542 1997 1 69
2543 2005 7 76
2544 2001 4 37
2545 2005 8 76
2546 1998 1 67
2547 1997 0 77
2548 1997 0 78
2549 2002 5 27
2550 2000 3 49
2551 1999 2 63
2552 1996 0 86
2553 1998 2 70
2554 2006 8 78
2555 2005 7 89
2556 1998 2 74
2557 2004 6 22
2558 2001 4 50
2559 1997 1 84
2560 2000 3 59
2561 2001 4 52
2562 2003 5 38
2563 2004 6 30
2564 2000 3 68
2565 2005 7 21
2566 1996 0 99
2567 2000 3 64
2568 2003 6 41
2569 2004 7 28
2570 1998 2 88
2571 2002 5 48
2572 2000 3 69
2573 2000 3 73
2574 2003 5 50
2575 1999 2 85
2576 1999 3 82
2577 2000 3 79
2578 2000 4 74
2579 2006 8 22
2580 1999 3 87
2581 2004 6 49
2582 2003 5 57
2583 2006 8 26
2584 1996 0 38
2585 2003 6 54
2586 2005 7 41
2587 2003 6 60
2588 2004 6 52
2589 2001 4 78
2590 2006 8 37
2591 2004 6 56
2592 2006 8 36
2593 2004 6 57
2594 1999 2 25
2595 2006 8 42
2596 1997 1 43
2597 2000 3 97
2598 2001 4 88
2599 2002 5 76
2600 2005 7 58
2601 2004 6 65
2602 2000 3 99
2603 1999 2 34
2604 2000 3 24
2605 2004 7 67
2606 2005 7 61
2607 2003 5 82
2608 2002 5 90
2609 2003 5 83
2610 2001 4 98
2611 2005 7 67
2612 1999 2 41
2613 2001 4 23
2614 2004 7 73
2615 2003 6 87
2616 2005 7 72
2617 2003 6 90
2618 2003 6 92
2619 2003 5 95
2620 2006 8 62
2621 2000 3 42
2622 2003 6 96
2623 1997 1 68
2624 2005 7 77
2625 2001 4 38
2626 2003 6 20
2627 2003 6 20
2628 1997 1 77
2629 2003 6 98
2630 1997 1 74
2631 2006 8 77
2632 2005 7 85
2633 2004 7 92
2634 1997 1 79
2635 2002 5 38
2636 1999 2 67
2637 1999 3 61
2638 2002 5 41
2639 1999 2 71
2640 2005 7 94
2641 1998 1 81
2642 1996 0 94
2643 1997 0 94
2644 2006 8 85
2645 1996 0 96
2646 2000 3 62
2647 2001 4 62
2648 2006 8 93
2649 2002 5 49
2650 1997 0 21
2651 2001 4 65
2652 2004 6 39
2653 2005 7 27
2654 2003 5 50
2655 2000 3 73
2656 1997 0 27
2657 1999 2 90
2658 2000 3 77
2659 2006 8 27
2660 1997 1 29
2661 1997 1 23
2662 2001 4 69
2663 2005 7 36
2664 2001 4 74
2665 2002 5 68
2666 2006 8 30
2667 2001 4 78
2668 1999 3 93
2669 1998 2 26
2670 2000 3 91
2671 2001 4 83
2672 1997 0 43
2673 2000 3 95
2674 2004 7 56
2675 2004 7 57
2676 1999 2 25
2677 2002 5 80
2678 1997 1 42
2679 2004 7 61
2680 1996 0 57
2681 1998 1 40
2682 2003 6 71
2683 2001 4 92
2684 2002 5 83
2685 2003 6 76
2686 1998 1 45
2687 1996 0 66
2688 1997 1 52
2689 2003 6 77
2690 2001 4 23
2691 1996 0 70
2692 2006 8 58
2693 2003 5 89
2694 1997 1 58
2695 2003 6 87
2696 2003 5 90
2697 1998 1 57
2698 2002 5 99
2699 2000 3 38
2700 1997 1 68
2701 2006 8 67
2702 1997 0 73
2703 2003 6 92
2704 1998 1 63
2705 2002 5 25
2706 2000 3 50
2707 1999 3 53
2708 1996 0 80
2709 2005 7 83
2710 1997 1 79
2711 2001 4 39
2712 1997 1 81
2713 2002 5 31
2714 2005 8 85
2715 2005 8 85
2716 2001 4 50
2717 1996 0 95
2718 1998 2 73
2719 2004 7 99
2720 2000 3 64
2721 2006 8 86
2722 1999 2 70
2723 2002 5 40
2724 2004 6 28
2725 2000 3 68
2726 2001 4 53
2727 2000 4 63
2728 1998 1 87
2729 1997 0 20
2730 1997 1 99
2731 1997 0 21
2732 2006 8 95
2733 2004 6 39
2734 2003 5 48
2735 1996 0 27
2736 1997 1 25
2737 1996 0 37
2738 1999 2 88
2739 1996 0 38
2740 1999 2 88
2741 2005 7 35
2742 2006 8 29
2743 1999 2 94
2744 2002 5 63
2745 2006 8 30
2746 2005 8 36
2747 1999 2 95
2748 2004 6 53
2749 1998 2 23
2750 1998 2 28
2751 2003 5 67
2752 2006 8 38
2753 2004 7 55
2754 1996 0 49
2755 1997 1 38
2756 2002 5 74
2757 2001 4 91
2758 2006 8 43
2759 2005 7 56
2760 1996 0 53
2761 2006 8 49
2762 1997 1 49
2763 2006 8 45
2764 2004 6 70
2765 1996 0 65
2766 2002 4 92
2767 2000 3 31
2768 2006 8 53
2769 2004 7 68
2770 2004 7 72
2771 2001 4 26
2772 2003 6 80
2773 1998 2 49
2774 2001 4 26
2775 2001 4 25
2776 1996 0 74
2777 1996 0 75
2778 1996 0 77
2779 2004 7 79
2780 2001 4 33
2781 1998 1 60
2782 2003 6 93
2783 2006 8 69
2784 2005 7 77
2785 2001 4 38
2786 1997 1 70
2787 1998 1 68
2788 2003 6 99
2789 2001 4 40
2790 2001 4 44
2791 2003 5 27
2792 1996 0 87
2793 2001 4 47
2794 2006 8 81
2795 2000 3 55
2796 2004 6 24
2797 2006 8 83
2798 2002 4 44
2799 2002 5 38
2800 2000 3 60
2801 2001 4 48
2802 1999 3 66
2803 2006 8 90
2804 2001 4 56
2805 2004 6 29
2806 2006 8 95
2807 2003 6 37
2808 1999 2 78
2809 2002 4 55
2810 1997 1 95
2811 2002 5 52
2812 2000 4 68
2813 1997 1 99
2814 1999 3 79
2815 2005 7 29
2816 1998 2 94
2817 1998 1 99
2818 1997 1 27
2819 1998 2 92
2820 2005 7 36
2821 1999 3 86
2822 2003 6 56
2823 2001 4 77
2824 1999 3 89
2825 1997 1 32
2826 2000 3 86
2827 1998 2 22
2828 1999 2 98
2829 1996 0 42
2830 2004 6 53
2831 1996 0 44
2832 2001 4 84
2833 2000 3 93
2834 2000 3 94
2835 2006 8 42
2836 2005 7 52
2837 2004 6 61
2838 2001 4 92
2839 1997 0 49
2840 2002 5 85
2841 2001 4 95
2842 2005 7 54
2843 1997 1 49
2844 1999 3 30
2845 2005 7 58
2846 1998 1 46
2847 2006 8 56
2848 1997 0 58
2849 1996 0 62
2850 1998 1 52
2851 2001 4 97
2852 2005 7 69
2853 1999 2 46
2854 2004 6 78
2855 1996 0 71
2856 2005 7 70
2857 2005 8 68
2858 2002 5 20
2859 1999 3 45
2860 2000 3 44
2861 2003 5 95
2862 2000 3 43
2863 1998 2 61
2864 2004 6 87
2865 1996 0 78
2866 1997 0 76
2867 1996 0 84
2868 2004 6 94
2869 2000 3 47
2870 1996 0 89
2871 2001 4 46
2872 2003 6 20
2873 1996 0 92
2874 2003 6 23
2875 2000 3 57
2876 2001 4 49
2877 2001 4 46
2878 1997 1 86
2879 2001 4 51
2880 2006 8 87
2881 2001 4 52
2882 1997 1 88
2883 1998 2 80
2884 2005 8 95
2885 1998 2 82
2886 1998 2 82
2887 1998 1 87
2888 2003 5 45
2889 1999 3 74
2890 1996 0 24
2891 2006 8 97
2892 1997 1 94
2893 1997 1 21
2894 2004 6 41
2895 2005 8 26
2896 1996 0 30
2897 2003 5 52
2898 2000 3 81
2899 1998 2 93
2900 2004 6 44
2901 1997 1 25
2902 1997 1 26
2903 2003 6 55
2904 1996 0 38
2905 2003 6 53
2906 2005 7 44
2907 2005 7 46
2908 2002 5 72
2909 2000 3 91
2910 2002 5 73
2911 1999 3 96
2912 2004 7 55
2913 1997 0 43
2914 2000 3 94
2915 2005 7 48
2916 2001 4 84
2917 1997 1 42
2918 1999 2 25
2919 2001 4 85
2920 2005 7 57
2921 2005 8 51
2922 2000 3 22
2923 2000 3 24
2924 1999 3 29
2925 1996 0 59
2926 1999 2 39
2927 2002 5 88
2928 1999 2 41
2929 2005 7 67
2930 1999 2 39
2931 2004 7 70
2932 1997 1 58
2933 2005 7 68
2934 2003 6 83
2935 2004 6 78
2936 1999 2 44
2937 2001 4 32
2938 1997 1 62
2939 1997 1 62
2940 2000 3 40
2941 2000 3 39
2942 2003 5 99
2943 1998 2 59
2944 2004 6 87
2945 2003 6 94
2946 1997 1 69
2947 1996 0 80
2948 2003 6 97
2949 2005 7 84
2950 2000 3 53
2951 2006 8 80
2952 1999 2 60
2953 2005 7 90
2954 2000 3 51
2955 2005 7 90
2956 2004 6 21
2957 2004 6 20
2958 1999 3 65
2959 1996 0 99
2960 2000 3 56
2961 1998 2 79
2962 2001 4 48
2963 2004 6 29
2964 1996 0 97
2965 2004 6 29
2966 1998 1 86
2967 2006 8 95
2968 2000 3 70
2969 2002 5 47
2970 2002 4 55
2971 1996 0 25
2972 2006 8 94
2973 1997 1 97
2974 1997 1 21
2975 2000 3 74
2976 1998 2 90
2977 1997 1 22
2978 2002 5 57
2979 2002 5 56
2980 2005 8 31
2981 1998 1 21
2982 2005 7 35
2983 2000 3 82
2984 2000 4 80
2985 2000 3 86
2986 2001 4 78
2987 1999 2 96
2988 2000 3 87
2989 2005 7 43
2990 1996 0 49
2991 2002 4 76
2992 1997 1 41
2993 1997 1 37
2994 2003 6 62
2995 1998 1 37
2996 2005 7 48
2997 2005 8 48
2998 1997 1 41
2999 1996 0 59
3000 2001 4 90
3001 1998 2 37
3002 2003 6 73
3003 1996 0 54
3004 1999 2 34
3005 1999 2 35
3006 2006 8 54
3007 1997 1 51
3008 2003 6 79
3009 1996 0 67
3010 2002 5 91
3011 2002 5 91
3012 1997 1 57
3013 2003 6 83
3014 1997 0 63
3015 1998 2 51
3016 1999 3 42
3017 1997 1 65
3018 1999 2 49
3019 2003 6 92
3020 1999 2 52
3021 2005 8 72
3022 2001 4 32
3023 2001 4 31
3024 2002 5 23
3025 1996 0 85
3026 2006 8 72
3027 2005 7 85
3028 2000 3 45
3029 2006 8 74
3030 2001 4 37
3031 2000 3 54
3032 2006 8 74
3033 2002 5 32
3034 1997 1 82
3035 2003 5 31
3036 2001 4 46
3037 2004 7 99
3038 1997 0 87
3039 1997 1 85
3040 2001 4 53
3041 1999 2 69
3042 2002 5 41
3043 2000 3 64
3044 1998 2 78
3045 2000 3 64
3046 2000 3 67
3047 2000 3 66
3048 1996 0 23
3049 2001 4 61
3050 2005 7 27
3051 2004 6 36
3052 2002 5 52
3053 2001 4 64
3054 2003 6 42
3055 2002 5 54
3056 2004 6 42
3057 1997 1 21
3058 2001 4 70
3059 1999 2 89
3060 1999 3 85
3061 1997 0 31
3062 2004 6 50
3063 2004 6 49
3064 2001 4 75
3065 1998 1 23
3066 2002 5 64
3067 2001 4 74
3068 2002 5 71
3069 2001 4 83
3070 2004 6 57
3071 2002 5 76
3072 1996 0 51
3073 1997 1 39
3074 1998 1 34
3075 2006 8 39
3076 1999 2 28
3077 1997 0 47
3078 1998 2 33
3079 1998 1 40
3080 2002 5 80
3081 2001 4 89
3082 2004 6 66
3083 2006 8 48
3084 1997 1 53
3085 2004 6 68
3086 2004 6 70
3087 2001 4 98
3088 2005 8 59
3089 2001 4 98
3090 2005 8 60
3091 1999 3 38
3092 1999 2 42
3093 2004 7 73
3094 2004 7 75
3095 2000 3 38
3096 2002 5 97
3097 2005 7 71
3098 2005 8 68
3099 1996 0 75
3100 2004 7 81
3101 2005 7 76
3102 2005 7 78
3103 2002 5 24
3104 2004 6 90
3105 1999 2 58
3106 2004 6 92
3107 2000 4 42
3108 1999 2 60
3109 2004 6 94
3110 1999 2 58